-9.884129193032570315e-01,1.282402224073848906e-01,-8.120558054294953199e-02
1.286651554013960030e-01,9.916880950104900450e-01,-1.591832984405052817e-18
8.053060747285853416e-02,-1.044832864001918327e-02,-9.966973731723599572e-01
-9.879182292496540008e-01,1.320014991737048227e-01,-8.119840713974796342e-02
1.324344040326571048e-01,9.911917727971971681e-01,5.465691348805181630e-05
8.049040790320562133e-02,-1.069946609687293972e-02,-9.966979560983467712e-01
-9.875104572518115242e-01,1.350177195400533436e-01,-8.119932559431330965e-02
1.354611793882623816e-01,9.907826628339710950e-01,4.783903260546695839e-05
8.045734322574961406e-02,-1.095211486572867515e-02,-9.966978816245032347e-01
-9.871845480238248260e-01,1.373760031549886851e-01,-8.120677348847107901e-02
1.378317328373157846e-01,9.904556789022174179e-01,-6.334684159102892820e-06
8.043084015479722015e-02,-1.119912380918996857e-02,-9.966972759590134734e-01
-9.869342769167508411e-01,1.391553898516784127e-01,-8.121928428871061367e-02
1.396243888138909706e-01,9.902045662765924794e-01,-9.594731686943555160e-05
8.041035571559883299e-02,-1.143488661882212896e-02,-9.966962519616736627e-01
-9.867535150232837893e-01,1.404221385680420320e-01,-8.123551636799612730e-02
1.409047987527613788e-01,9.900231713081915075e-01,-2.109240910592750581e-04
8.039542738046545622e-02,-1.165460415884140948e-02,-9.966949114201945070e-01
-9.866374107698363538e-01,1.412249010066681798e-01,-8.125425549045831031e-02
1.417210687941297953e-01,9.899066267798422025e-01,-3.426654909868198586e-04
8.038573686853742184e-02,-1.185352649589375973e-02,-9.966933473643294628e-01
-9.865806649740560541e-01,1.416092662643693989e-01,-8.127441796995313328e-02
1.421183331654505555e-01,9.898496204734513748e-01,-4.838081954559569344e-04
8.038094580015062163e-02,-1.202790057421332728e-02,-9.966916449833548297e-01
-9.865790934971631065e-01,1.416084082589285087e-01,-8.129505074641464601e-02
1.421293560833256087e-01,9.898479624014648870e-01,-6.280456642950120461e-04
8.038081177921684028e-02,-1.217402986762275950e-02,-9.966898819384253372e-01
-9.866293319573611331e-01,1.412463030849314960e-01,-8.131531763201331475e-02
1.417777423023707517e-01,9.898982877690234439e-01,-7.699134064629799181e-04
8.038515671162467513e-02,-1.228832120473245630e-02,-9.966881293281217857e-01
-9.867262688560723971e-01,1.405564027701749208e-01,-8.133450729890902287e-02
1.410966701941364088e-01,9.899954794835827965e-01,-9.047553603056477647e-04
8.039363834075018145e-02,-1.236877391489211130e-02,-9.966864504902118727e-01
-9.868633716410086798e-01,1.395802758795609277e-01,-8.135205325990375880e-02
1.401275342406736180e-01,9.901329936674926335e-01,-1.028798854250240679e-03
8.040576735283924692e-02,-1.241494639320588414e-02,-9.966848985005537509e-01
-9.870318182913252469e-01,1.383749276499277314e-01,-8.136755285566239781e-02
1.389272979927147766e-01,9.903019861437561966e-01,-1.139256303245643389e-03
8.042082214139076313e-02,-1.242865631828826006e-02,-9.966835135678822066e-01
-9.872203077402125215e-01,1.370157768372750051e-01,-8.138078748980143162e-02
1.375714930404272895e-01,9.904911203591183488e-01,-1.234472232799801918e-03
8.043782427065336582e-02,-1.241437231021834398e-02,-9.966823202384863523e-01
-9.874167396630524340e-01,1.355862906153593450e-01,-8.139172210852939349e-02
1.361438231002337629e-01,9.906882527906717417e-01,-1.313965293297817078e-03
8.045568729091917559e-02,-1.237841133382285713e-02,-9.966813265077724138e-01
-9.876095942095506341e-01,1.341689416251571343e-01,-8.140047872595382317e-02
1.347270815987477999e-01,9.908818182767196170e-01,-1.378313145252219691e-03
8.047334762963501142e-02,-1.232808399632496013e-02,-9.966805254962111116e-01
-9.877889276532426654e-01,1.328379563983072276e-01,-8.140729648218042458e-02
1.333958586530199220e-01,9.910618305543226203e-01,-1.428942016795892471e-03
8.048986564927217147e-02,-1.227088906874757371e-02,-9.966798986712571695e-01
-9.879467728328051868e-01,1.316556208866796196e-01,-8.141248883603879882e-02
1.322128136150186317e-01,9.912202855448221106e-01,-1.467876121142839803e-03
8.050447325383384978e-02,-1.221395742271539318e-02,-9.966794196382260385e-01
-9.880775374705286218e-01,1.306681299230932625e-01,-8.141640357533437566e-02
1.312244893229003451e-01,9.913515625728851477e-01,-1.497478296232174428e-03
8.051661971916083960e-02,-1.216345036577868959e-02,-9.966790578977248183e-01
-9.881788722309108319e-01,1.298976687516240347e-01,-8.141938504202295146e-02
1.304533448378638050e-01,9.914532972429199731e-01,-1.520176996162427973e-03
8.052605895327749619e-02,-1.212363760331978610e-02,-9.966787825278103918e-01
-9.882502083478732491e-01,1.293523319878994993e-01,-8.142174849360389599e-02
1.299076902496346664e-01,9.915249136349782999e-01,-1.538260022902655528e-03
8.053271694459683550e-02,-1.209749675369517496e-02,-9.966785647837648199e-01
-9.882936729310421997e-01,1.290185595705042598e-01,-8.142376427384857840e-02
1.295740857140798841e-01,9.915685439485378838e-01,-1.553730688734944205e-03
8.053677781821530490e-02,-1.208595168220168159e-02,-9.966783797634528597e-01
-9.883152990413984762e-01,1.288516250709852151e-01,-8.142563901558617923e-02
1.294077844608783334e-01,9.915902441431675429e-01,-1.568140344384041018e-03
8.053879712440473182e-02,-1.208692827282199268e-02,-9.966782083035987672e-01
-9.883244919271143569e-01,1.287799442702782793e-01,-8.142750207062668388e-02
1.293370456270870050e-01,9.915994581134807140e-01,-1.582466524304119255e-03
8.053965162751443307e-02,-1.209558257916348335e-02,-9.966780383431877999e-01
-9.883325130426473537e-01,1.287172039550656955e-01,-8.142940646017797490e-02
1.292753031565471999e-01,9.916074951812738902e-01,-1.597111697367255105e-03
8.054039674801997950e-02,-1.210528819433434600e-02,-9.966778648915775030e-01
-9.883499116201507340e-01,1.285823586831742471e-01,-8.143134609595893691e-02
1.291412395588791284e-01,9.916249503653800090e-01,-1.612033460386218427e-03
8.054202512891474319e-02,-1.210939764156774082e-02,-9.966776884483670162e-01
-9.883855322082578665e-01,1.283070867635708878e-01,-8.143328198654098404e-02
1.288662830904283851e-01,9.916607073053947952e-01,-1.626944779521974490e-03
8.054537313174042756e-02,-1.210205257143658411e-02,-9.966775125659106394e-01
-9.884446107485791444e-01,1.278500183749974872e-01,-8.143517024546222116e-02
1.284089004801591272e-01,9.917200256871543385e-01,-1.641525960701599451e-03
8.055094099696966103e-02,-1.207955768350742372e-02,-9.966773412308002067e-01
-9.885287503477288018e-01,1.271967170008535541e-01,-8.143698621737036070e-02
1.277545932592180356e-01,9.918045164892794752e-01,-1.655606165636594289e-03
8.055888905577393566e-02,-1.204056290109962492e-02,-9.966771765966421226e-01
-9.886365114344807248e-01,1.263553454988684821e-01,-8.143873779727127393e-02
1.269115578613528861e-01,9.919127343854102774e-01,-1.669265211682198751e-03
8.056909155073803397e-02,-1.198581324934428274e-02,-9.966770177195914959e-01
-9.887640802531162398e-01,1.253521109609173623e-01,-8.144046804732037181e-02
1.259061173971174619e-01,9.920408489538978802e-01,-1.682857888094754263e-03
8.058119789209219896e-02,-1.191780230783406891e-02,-9.966768602936288968e-01
-9.889059762939668152e-01,1.242266147375900159e-01,-8.144224961190656142e-02
1.247780533313343349e-01,9.921833551176562072e-01,-1.696978232038628140e-03
8.059469783578344926e-02,-1.184035718175199640e-02,-9.966766971584385404e-01
-9.890559818552063787e-01,1.230253846913844928e-01,-8.144417352139052269e-02
1.235741097449972320e-01,9.923340068113373214e-01,-1.712379869634482682e-03
8.060900823647181024e-02,-1.175803088019523532e-02,-9.966765193427393754e-01
-9.892077514769903601e-01,1.217976296300822131e-01,-8.144633566550953108e-02
1.223437252796631403e-01,9.924864291929729188e-01,-1.729873748629934347e-03
8.062352993488156039e-02,-1.167565293734884602e-02,-9.966763173385497776e-01
-9.893559459692712332e-01,1.205862840491961907e-01,-8.144882440217325603e-02
1.211300399947588119e-01,9.926352578530294180e-01,-1.750228463429994406e-03
8.063775560364574990e-02,-1.159749881155318352e-02,-9.966760822799731745e-01
-9.894957835883309016e-01,1.194314332938957862e-01,-8.145171178611565477e-02
1.199733255356838640e-01,9.927756881093565688e-01,-1.774093136678944662e-03
8.065122671469802940e-02,-1.152749113535918302e-02,-9.966758067910318486e-01
-9.896217227763758340e-01,1.183810604169287378e-01,-8.145504707800579891e-02
1.189217622365879717e-01,9.929021518342358021e-01,-1.801931974145791482e-03
8.066340571715310825e-02,-1.147000966664821556e-02,-9.966754856357074033e-01
-9.897303231559786418e-01,1.174669885473900721e-01,-8.145885236866332035e-02
1.180072975945483105e-01,9.930111914911354809e-01,-1.833973762758977100e-03
8.067395164623729353e-02,-1.142787951149547634e-02,-9.966751161804414672e-01
-9.898206948966812302e-01,1.167000200619322803e-01,-8.146312323251272969e-02
1.172407689838952660e-01,9.931019118275193902e-01,-1.870207810383862478e-03
8.068276661419840345e-02,-1.140197071940458710e-02,-9.966746983746261890e-01
-9.898929814717477571e-01,1.160819103848516887e-01,-8.146783206464072724e-02
1.166239190465891556e-01,9.931744558973573112e-01,-1.910407137203850528e-03
8.068985127137301427e-02,-1.139219760444354704e-02,-9.966742344732834047e-01
-9.899462171843684821e-01,1.156233881009960246e-01,-8.147292686496496184e-02
1.161674742784997161e-01,9.932278527709254012e-01,-1.954113176300211353e-03
8.069509587910372872e-02,-1.139897218221101391e-02,-9.966737292155390948e-01
-9.899780521046855908e-01,1.153466158801586122e-01,-8.147832335322352515e-02
1.158936080175176214e-01,9.932597412414705396e-01,-2.000561761485542683e-03
8.069825138480009319e-02,-1.142333010841049129e-02,-9.966731906807735353e-01
-9.899846298235375208e-01,1.152861360695357912e-01,-8.148389262351198037e-02
1.158368800213078753e-01,9.932662471663203929e-01,-2.048572118922896076e-03
8.069891549670368813e-02,-1.146689565760628145e-02,-9.966726316134741914e-01
-9.899604659967728981e-01,1.154894524448069199e-01,-8.148944389635208452e-02
1.160448080014732930e-01,9.932418617830839347e-01,-2.096399676147289292e-03
8.069651970640337457e-02,-1.153178032582118616e-02,-9.966720712588152953e-01
-9.898995765927016688e-01,1.160064270008408505e-01,-8.149470619009760441e-02
1.165672177064843579e-01,9.931805759289910052e-01,-2.141596317787440844e-03
8.069044329502239599e-02,-1.161957686655776950e-02,-9.966715372978279808e-01
-9.897976302292744721e-01,1.168697829869990573e-01,-8.149932025436285032e-02
1.174366795250984807e-01,9.930780434297072912e-01,-2.180989440861806627e-03
8.068023487020163642e-02,-1.172974790254419260e-02,-9.966710666686214859e-01
-9.896525668795916886e-01,1.180893911197018892e-01,-8.150284320798376059e-02
1.186627854250514036e-01,9.929322033316775320e-01,-2.210800323554547048e-03
8.066568405024694688e-02,-1.185927853042199713e-02,-9.966707049300781440e-01
-9.894649906700729858e-01,1.196495589762633233e-01,-8.150476116244879943e-02
1.202294458326445409e-01,9.927436746466465900e-01,-2.226844753042135552e-03
8.064686929475939348e-02,-1.200265688635294981e-02,-9.966705045819137521e-01
-9.892393928762182043e-01,1.215007890349489306e-01,-8.150451720046185400e-02
1.220866466590985883e-01,9.925169843997685426e-01,-2.224852185564732236e-03
8.062428414509326124e-02,-1.215152412986454135e-02,-9.966705216068765250e-01
-9.889851918773777673e-01,1.235547934183546526e-01,-8.150156585739440351e-02
1.241454879009497997e-01,9.922616103484273031e-01,-2.200954457910800181e-03
8.059893537206121172e-02,-1.229476240046936501e-02,-9.966708092378616657e-01
-9.887166305054948534e-01,1.256897715633847334e-01,-8.149545304223426712e-02
1.262835285190965218e-01,9.919918742221214281e-01,-2.152286476536704844e-03
8.057231389721102033e-02,-1.241953408755377790e-02,-9.966714093400670382e-01
-9.884508748648728194e-01,1.277690205415927815e-01,-8.148590188880783236e-02
1.283635028172971371e-01,9.917250275202623699e-01,-2.077521573027945982e-03
8.054617786854481598e-02,-1.251334304874454975e-02,-9.966723437227159588e-01
-9.882045409187832918e-01,1.296686920754106798e-01,-8.147286772093616236e-02
1.302611878291485836e-01,9.914777592591325073e-01,-1.977092252752749892e-03
8.052218456329027219e-02,-1.256652327937659956e-02,-9.966736092506162104e-01
-9.879907152577335205e-01,1.312981241552113876e-01,-8.145654199715454680e-02
1.318857891942967209e-01,9.912632031573246350e-01,-1.853030543325511186e-03
8.050158895638294398e-02,-1.257373650273945105e-02,-9.966751785992211676e-01
-9.878172706815319115e-01,1.326085552467367867e-01,-8.143731390004421700e-02
1.331886513393794325e-01,9.910892482462738684e-01,-1.708570151959850486e-03
8.048508952489290269e-02,-1.253428031587237867e-02,-9.966770053949046693e-01
-9.876882844825968233e-01,1.335790560316458542e-01,-8.141571566174740648e-02
1.341491072732678980e-01,9.909599672321482977e-01,-1.547720027790461163e-03
8.047298375580602681e-02,-1.245050972124620015e-02,-9.966790308216633143e-01
-9.876048476094152484e-01,1.342087183610036205e-01,-8.139237266509889712e-02
1.347666144056525461e-01,9.908764325468478740e-01,-1.374936323417162189e-03
8.046526408570860156e-02,-1.232686749459705085e-02,-9.966811894712349629e-01
-9.875660562725345759e-01,1.345086387016821428e-01,-8.136796097784905479e-02
1.350526914122662236e-01,9.908377149194426137e-01,-1.194881971791178195e-03
8.046172798072763477e-02,-1.216898622372409970e-02,-9.966834141153398940e-01
-9.875682443380640052e-01,1.345075689752540382e-01,-8.134316217938045157e-02
1.350365675231738893e-01,9.908401148478853671e-01,-1.012182874643749713e-03
8.046192434535300031e-02,-1.198390031076052020e-02,-9.966856402901344003e-01
-9.876067145299586292e-01,1.342396714105237865e-01,-8.131862323960784011e-02
1.347528793688535786e-01,9.908789024693652747e-01,-8.312176169644645233e-04
8.046532584200037641e-02,-1.177883397698073313e-02,-9.966878099589024931e-01
-9.876757396836877145e-01,1.337452570600690116e-01,-8.129492998531789860e-02
1.342424011007824491e-01,9.909483194136081696e-01,-6.559863521183746096e-04
8.047133762085605102e-02,-1.156112767149630391e-02,-9.966898735669186271e-01
-9.877704618857142682e-01,1.330575078108103548e-01,-8.127259936373988636e-02
1.335387207991352854e-01,9.910434850069177459e-01,-4.900909972670007423e-04
8.047946737530682626e-02,-1.133713565243461494e-02,-9.966917901928115109e-01
-9.878904929722880368e-01,1.321759520421204592e-01,-8.125212355781116780e-02
1.326416551711834813e-01,9.911640085977325709e-01,-3.370615939027904896e-04
8.048962638494365496e-02,-1.111039540439695376e-02,-9.966935232174750636e-01
-9.880344997934839002e-01,1.311063533486083177e-01,-8.123399851403576011e-02
1.315572889858357686e-01,9.913085538879138348e-01,-2.005812788203705692e-04
8.050165771404392545e-02,-1.088510516330160223e-02,-9.966950374925025447e-01
-9.882037433725823217e-01,1.298340706899349939e-01,-8.121873457931359785e-02
1.302712560412890019e-01,9.914783902092528800e-01,-8.459665534850408918e-05
8.051563484932011683e-02,-1.066406463408261888e-02,-9.966962980225337887e-01
-9.884009069931665170e-01,1.283319621749181849e-01,-8.120688844727476374e-02
1.287566923023898413e-01,9.916762156577577647e-01,6.400649122954423452e-06
8.053176003932215055e-02,-1.044960328513629307e-02,-9.966972667879787640e-01
-9.886274198650828460e-01,1.265801694535422794e-01,-8.119906204627416746e-02
1.269940919293562065e-01,9.919034714461963942e-01,6.729989748408876291e-05
8.055014973738842954e-02,-1.024526597515701930e-02,-9.966979020978722348e-01
-9.888800645417581414e-01,1.245931538256814658e-01,-8.119584525603082414e-02
1.249984052534225260e-01,9.921569379981364234e-01,9.270892156057772098e-05
8.057057188602434472e-02,-1.005767251707667155e-02,-9.966981620498012173e-01
-9.891498517437266047e-01,1.224316281304647924e-01,-8.119771071015358110e-02
1.228309473230798921e-01,9.924276051568352575e-01,7.772154113711971619e-05
8.059236514690389097e-02,-9.896712827572725843e-03,-9.966980113100508687e-01
-9.894341781226005939e-01,1.201072559561569136e-01,-8.120501959388502777e-02
1.205037830771420737e-01,9.927128673584004748e-01,1.789950868479263485e-05
8.061541775590143344e-02,-9.767801031344352028e-03,-9.966974186947431535e-01
-9.897409892820141497e-01,1.175431033707891593e-01,-8.121818741894341886e-02
1.179401630795674782e-01,9.930206989319420030e-01,-9.212675096144644794e-05
8.064051241877953635e-02,-9.670067241724634305e-03,-9.966963416645059359e-01
-9.895371806973267681e-01,1.192459064506070643e-01,-8.121934987474638268e-02
1.196494088222847807e-01,9.928162003363862897e-01,-1.018757140591911123e-04
8.062373812129966510e-02,-9.818656355270872008e-03,-9.966962459893731197e-01
-9.893483766451438566e-01,1.208017190671120539e-01,-8.122028860415445028e-02
1.212110142491300974e-01,9.926267561691639596e-01,-1.096399784580235460e-04
8.060818696145372053e-02,-9.953265045051217300e-03,-9.966961686691092615e-01
-9.891751854349897233e-01,1.222112911100078358e-01,-8.122101836960558818e-02
1.226257465723517570e-01,9.924529772092854918e-01,-1.156011491191411412e-04
8.059391377446145643e-02,-1.007413715415629227e-02,-9.966961085267059817e-01
-9.890125661902187115e-01,1.235200557556452583e-01,-8.122155331765050501e-02
1.239392028153679937e-01,9.922898057927723725e-01,-1.199218579161666890e-04
8.058050666054475397e-02,-1.018513814521879862e-02,-9.966960644226238175e-01
-9.888583744147970700e-01,1.247482207223436501e-01,-8.122190440384269294e-02
1.251716679595313297e-01,9.921350903644028385e-01,-1.227281102138138322e-04
8.056779139927552902e-02,-1.028804131986143892e-02,-9.966960354702365521e-01
-9.887129683581042938e-01,1.258953557511498789e-01,-8.122208184208222492e-02
1.263227195483799525e-01,9.919891905507792762e-01,-1.241327290831147599e-04
8.055579953462310705e-02,-1.038292525599082000e-02,-9.966960208361538287e-01
-9.885788009994070924e-01,1.269445786463078152e-01,-8.122209763480456313e-02
1.273754293469634424e-01,9.918545677718373366e-01,-1.242566391937068590e-04
8.054473488360820721e-02,-1.046853638940889626e-02,-9.966960195332446037e-01
-9.884587730078463474e-01,1.278759051722956341e-01,-8.122196696022344897e-02
1.283097583441863143e-01,9.917341326055497674e-01,-1.232394308500944563e-04
8.053483764508688469e-02,-1.054338740087677924e-02,-9.966960303078654659e-01
-9.883479469565406017e-01,1.287298394073752572e-01,-8.122170380544746493e-02
1.291663550326096199e-01,9.916229308988037117e-01,-1.212054514463208261e-04
8.052570126868489886e-02,-1.061090394058982096e-02,-9.966960520015398783e-01
-9.882435727699143690e-01,1.295289134763897010e-01,-8.122131757208855829e-02
1.299678331622796112e-01,9.915182032662708256e-01,-1.182396035359101362e-04
8.051709946522357664e-02,-1.067300753111127647e-02,-9.966960838317346916e-01
-9.881443529803851655e-01,1.302839891266937555e-01,-8.122081522155755184e-02
1.307250956941440612e-01,9.914186478533835167e-01,-1.144055741682410281e-04
8.050892563629438725e-02,-1.073064741573157010e-02,-9.966961252154005191e-01
-9.880510289715247474e-01,1.309902427036089001e-01,-8.122020339368982156e-02
1.314333078462260884e-01,9.913250085535014744e-01,-1.097625646991314604e-04
8.050124104510977818e-02,-1.078349036247312244e-02,-9.966961755947536528e-01
-9.879664259352559652e-01,1.316272635543448422e-01,-8.121949081349286170e-02
1.320719972898797279e-01,9.912401200907127174e-01,-1.043831154693083160e-04
8.049427820970732339e-02,-1.082994673565394403e-02,-9.966962342397082120e-01
-9.878900492055625593e-01,1.321997596615908654e-01,-8.121868750300270667e-02
1.326458941638175848e-01,9.911634860755682563e-01,-9.834701476627617258e-05
8.048799603387364610e-02,-1.087048081545883421e-02,-9.966963003135835830e-01
-9.878219097779411539e-01,1.327084926110999319e-01,-8.121780300409055242e-02
1.331557686770795945e-01,9.910951174800748387e-01,-9.172847268273557697e-05
8.048239490784774020e-02,-1.090522973591550801e-02,-9.966963730198680205e-01
-9.877679490324071665e-01,1.331101167330502877e-01,-8.121684960961904343e-02
1.335581390798454005e-01,9.910409756225901923e-01,-8.461926991601164446e-05
8.047796223830241957e-02,-1.093075485007387500e-02,-9.966964513372603696e-01
-9.877365570784898408e-01,1.333434703473773408e-01,-8.121584635389172968e-02
1.337916523036565553e-01,9.910094786921342935e-01,-7.715641590088915852e-05
8.047538529719079625e-02,-1.094221184112613779e-02,-9.966965336934591191e-01
-9.877250383909138565e-01,1.334293947695763261e-01,-8.121481465396433730e-02
1.338772311859658670e-01,9.909979218832913883e-01,-6.949132753848493024e-05
8.047444040677267929e-02,-1.094145219291778499e-02,-9.966966183246784849e-01
-9.877322872095432027e-01,1.333763574368921623e-01,-8.121377378572022798e-02
1.338233823413081114e-01,9.910051955261773848e-01,-6.175909271597122873e-05
8.047503461099841937e-02,-1.092930270221046524e-02,-9.966967036471464647e-01
-9.877578655138044006e-01,1.331874265834828430e-01,-8.121274214796792013e-02
1.336331947588201285e-01,9.910308599472026359e-01,-5.408834413787321524e-05
8.047712984561126992e-02,-1.090614372730193057e-02,-9.966967881531267892e-01
-9.878017576587548865e-01,1.328621171300281012e-01,-8.121173787802517252e-02
1.333061922296896462e-01,9.910748992761329035e-01,-4.660639295319931111e-05
8.048072275634970962e-02,-1.087206476932756419e-02,-9.966968703602734347e-01
-9.878580975445774293e-01,1.324431577069129229e-01,-8.121077553539259031e-02
1.328852534504953720e-01,9.911314276600271533e-01,-3.941632849052512197e-05
8.048533151712487788e-02,-1.083065158076346179e-02,-9.966969490825370315e-01
-9.879208918288874264e-01,1.319745076108147230e-01,-8.120986269787631995e-02
1.324144878766430888e-01,9.911944316695024959e-01,-3.257283072539613914e-05
8.049046496135001116e-02,-1.078554111118807529e-02,-9.966970237071319794e-01
-9.879921680262074846e-01,1.314403841317412502e-01,-8.120900386273857685e-02
1.318780632409157216e-01,9.912659455398653563e-01,-2.610923701013367370e-05
8.049628823358592755e-02,-1.073548122033546326e-02,-9.966970938740254971e-01
-9.880705436900292238e-01,1.308504086316251702e-01,-8.120820292895578052e-02
1.312856352152689532e-01,9.913445821794474311e-01,-2.005511719866417841e-05
8.050268782277356094e-02,-1.068128572826270405e-02,-9.966971592724697127e-01
-9.881511696731506422e-01,1.302406048197919108e-01,-8.120746086072377912e-02
1.306733476324876408e-01,9.914254762930990728e-01,-1.441972313871667802e-05
8.050926756939072448e-02,-1.062589898115616494e-02,-9.966972198313682751e-01
-9.882350251477522995e-01,1.296032231754006558e-01,-8.120677670778460311e-02
1.300334249363594430e-01,9.915096103149735329e-01,-9.198775974552097988e-06
8.051610737747666446e-02,-1.056868520740167350e-02,-9.966972756354146590e-01
-9.883227591401826384e-01,1.289328738107254901e-01,-8.120614992607519400e-02
1.293604592722093771e-01,9.915976354296915929e-01,-4.391032045462607110e-06
8.052326014024575873e-02,-1.050920395848472556e-02,-9.966973267355727639e-01
-9.884129197848997572e-01,1.282402224763327936e-01,-8.120558053998254422e-02
1.286651520151950723e-01,9.916880949618428476e-01,3.822215369852629027e-19
8.053060750509286048e-02,-1.044832771604488689e-02,-9.966973731359437538e-01
