9.811598775641561243e-01,1.907851282261367465e-01,3.043566174780192035e-02
-1.912905775120598562e-01,9.814243136772536902e-01,1.463664846316304474e-02
-2.707784358830409022e-02,-2.018294752676538795e-02,9.994295568051503320e-01
9.812384935684865805e-01,1.902445855319625512e-01,3.127325399153331464e-02
-1.909450000319282414e-01,9.813726329401003534e-01,2.116039411324603312e-02
-2.666506520250761306e-02,-2.673486472740881081e-02,9.992868563659581538e-01
9.813048706600172588e-01,1.897801486669091764e-01,3.200384338058404055e-02
-1.906491744672506872e-01,9.812949241332790118e-01,2.670513332071172349e-02
-2.633710489030847285e-02,-3.230738371954562649e-02,9.991309172795547200e-01
9.813662982429224302e-01,1.893438081170623344e-01,3.269726292366254700e-02
-1.903723312285843516e-01,9.811947339255907563e-01,3.186329587398304547e-02
-2.604926441413065244e-02,-3.749421888940484421e-02,9.989572660429244522e-01
9.814252432584408270e-01,1.889195126414963122e-01,3.337528495293080877e-02
-1.901042153257103406e-01,9.810727661505064257e-01,3.683225286163647333e-02
-2.578525186820240789e-02,-4.249288508233554917e-02,9.987639738838250958e-01
9.814835737827282136e-01,1.884946795564769184e-01,3.405510522823839564e-02
-1.898368551913571789e-01,9.809270416994756436e-01,4.176251091029693080e-02
-2.553356251105936420e-02,-4.745413253961278804e-02,9.985470156943875297e-01
9.815428313882795797e-01,1.880585395651539204e-01,3.475134364690386085e-02
-1.895635034946666353e-01,9.807534943189276655e-01,4.677885857422899030e-02
-2.528533788077783756e-02,-5.250303974991857303e-02,9.983005973293380686e-01
9.816015548207286390e-01,1.876222945593063740e-01,3.544378966978951884e-02
-1.892911812957622786e-01,9.805562281337025787e-01,5.175260665191131620e-02
-2.504468588797551659e-02,-5.750963597691084034e-02,9.980307638989381891e-01
9.816606114731513122e-01,1.871800033965859422e-01,3.613987161547098370e-02
-1.890161363616103263e-01,9.803326147427289250e-01,5.675266410633623276e-02
-2.480613095930461406e-02,-6.254287385873397165e-02,9.977339550803600021e-01
9.817234805285204313e-01,1.867057609123579653e-01,3.687772751752194100e-02
-1.887223001223048424e-01,9.800670192609769460e-01,6.206876425540394648e-02
-2.455404860164174877e-02,-6.789401284886115162e-02,9.973903459438087094e-01
9.817879364839237066e-01,1.862164502935529653e-01,3.762820284538873072e-02
-1.884201742407101976e-01,9.797655675423533328e-01,6.750756249429282208e-02
-2.429579882955391554e-02,-7.336802303034328787e-02,9.970089508038791903e-01
9.818534517152371910e-01,1.857164156778541020e-01,3.838245193722501780e-02
-1.881123815718463155e-01,9.794293286215547401e-01,7.302001523721388110e-02
-2.403188359162824334e-02,-7.891516846901697191e-02,9.965916242654625501e-01
9.819231067103297850e-01,1.851823258355999868e-01,3.917293850379066633e-02
-1.877845286986307149e-01,9.790393474954881547e-01,7.886017634220376937e-02
-2.374833723889252513e-02,-8.479070116777298605e-02,9.961157334613672809e-01
9.819976362919400348e-01,1.846084709614009556e-01,4.000444063106748521e-02
-1.874331305655259627e-01,9.785855297918691909e-01,8.508338906413341618e-02
-2.344065232421142092e-02,-9.104984451931623368e-02,9.955704208025171198e-01
9.820765184007764770e-01,1.839987260759172183e-01,4.086785308301910807e-02
-1.870605592825725916e-01,9.780646339115000032e-01,9.164016450348445864e-02
-2.310972819240796408e-02,-9.764241718432703498e-02,9.949532150457541801e-01
9.821592901106563911e-01,1.833564805258024732e-01,4.175560571484517036e-02
-1.866688545022322787e-01,9.774737746661406046e-01,9.848735619112952699e-02
-2.275671447993215038e-02,-1.045247429586796117e-01,9.942618928091514485e-01
9.822458081852201150e-01,1.826825516832429053e-01,4.266448664280689945e-02
-1.862584772267598943e-01,9.768082541971310206e-01,1.056097293932482389e-01
-2.238196782534893417e-02,-1.116813363421428618e-01,9.934919869744219811e-01
9.823357889401489462e-01,1.819787172882460502e-01,4.359065400117990985e-02
-1.858304860117139246e-01,9.760646226040998741e-01,1.129817849319725009e-01
-2.198701491299602517e-02,-1.190865232813562991e-01,9.926404045763617123e-01
9.824284116576790238e-01,1.812508648464469796e-01,4.452573332089791724e-02
-1.853884566825237945e-01,9.752447303369706777e-01,1.205356247669474717e-01
-2.157630052344135935e-02,-1.266721793927403084e-01,9.917099495058129266e-01
9.825220044325315705e-01,1.805116176030409081e-01,4.545401784161032244e-02
-1.849400655940410532e-01,9.743604582477577436e-01,1.281361397103117084e-01
-2.115853577967708246e-02,-1.343028458862927932e-01,9.907144208751481607e-01
9.826164438157467540e-01,1.797614612950705903e-01,4.637609763222916986e-02
-1.844856416704127033e-01,9.734115324407633940e-01,1.357756873921147356e-01
-2.073579227721911861e-02,-1.419711472427110932e-01,9.896535869093499027e-01
9.827109841653639544e-01,1.790058274706687602e-01,4.728674656477081795e-02
-1.840285425448230927e-01,9.724046814091955593e-01,1.433967637728073563e-01
-2.031299736641370077e-02,-1.496196859101762144e-01,9.885349430104478641e-01
9.828040980198585741e-01,1.782566100099984563e-01,4.817350893812014784e-02
-1.835760310952161134e-01,9.713573903971663981e-01,1.508796264778834995e-01
-1.989840319443136191e-02,-1.571286167837031289e-01,9.873776649065005850e-01
9.828948824991117217e-01,1.775210465990247621e-01,4.902987869007036786e-02
-1.831325148686142323e-01,9.702831642330164152e-01,1.581551894767335154e-01
-1.949699108534822325e-02,-1.644288913583865364e-01,9.861962324064104113e-01
9.829832630079663458e-01,1.767999553892382891e-01,4.985660847814808727e-02
-1.826984779429348116e-01,9.691870618209833532e-01,1.652201746167046292e-01
-1.910946039790141840e-02,-1.715173928309854934e-01,9.849957432455546114e-01
9.830708943598069904e-01,1.760801098573418211e-01,5.066964084403960400e-02
-1.822659144981915447e-01,9.680514203714718491e-01,1.722079691894894682e-01
-1.872841967904816454e-02,-1.785279906944739203e-01,9.837565778612735734e-01
9.831588873632105541e-01,1.753526234156504438e-01,5.147873846088358435e-02
-1.818294097508386109e-01,9.668624987219118783e-01,1.792065149643522481e-01
-1.834852919766600046e-02,-1.855488264663134323e-01,9.824637224934364976e-01
9.832487011877616423e-01,1.746056504566061429e-01,5.229588136535211901e-02
-1.813817396982180530e-01,9.655992482767131735e-01,1.863296994017941133e-01
-1.796264540805201509e-02,-1.926939528427500936e-01,9.810944833801454878e-01
9.833407417997008793e-01,1.738360368662553446e-01,5.312267381806678318e-02
-1.809208495424923790e-01,9.642531779456239294e-01,1.936064451934150499e-01
-1.756792994886081927e-02,-1.999921046793410873e-01,9.796399987580669544e-01
9.834344299607673534e-01,1.730489591871189892e-01,5.395164743199178797e-02
-1.804496179622943064e-01,9.628301827411063218e-01,2.009874999245068461e-01
-1.716559693236121426e-02,-2.073935815512247260e-01,9.781069704902769502e-01
9.835292808224692651e-01,1.722489353748388741e-01,5.477644104561841393e-02
-1.799704862536321837e-01,9.613359849779076205e-01,2.084316400172012418e-01
-1.675643586608766000e-02,-2.148567637024311749e-01,9.765018145927877313e-01
9.836252349026931574e-01,1.714369245882154391e-01,5.559477060100880691e-02
-1.794837499788106139e-01,9.597703390847173166e-01,2.159316562208740409e-01
-1.633955282088811467e-02,-2.223741839462937409e-01,9.748244673464906418e-01
9.837220867354686815e-01,1.706150647559290245e-01,5.640351073583532715e-02
-1.789904203852825948e-01,9.581355948597366501e-01,2.234694871510444769e-01
-1.591495034449834714e-02,-2.299275582889019620e-01,9.730776089161503606e-01
9.838200822022370451e-01,1.697815601614552361e-01,5.720374008078904504e-02
-1.784891740327245180e-01,9.564264864510115816e-01,2.310627428941720296e-01
-1.548097920844712649e-02,-2.375344150001344468e-01,9.712557549587714778e-01
9.839186475691719114e-01,1.689414668884808290e-01,5.799030830207316245e-02
-1.779828486426512368e-01,9.546520821480202201e-01,2.386661014980732964e-01
-1.503996733566859145e-02,-2.451493080510541434e-01,9.693686690940344075e-01
9.840184718050177803e-01,1.680889597091779486e-01,5.876860421856972688e-02
-1.774677724569091453e-01,9.527988388714599965e-01,2.463322202526920246e-01
-1.458893126960899254e-02,-2.528249881963452461e-01,9.674020306133548353e-01
9.841224761659902454e-01,1.671988494915108425e-01,5.956086522012296602e-02
-1.769285680983439801e-01,9.508081275179036673e-01,2.542836738296370136e-01
-1.411501707598053837e-02,-2.607842973292955890e-01,9.652939018331425647e-01
9.842292632388491835e-01,1.662826066821904147e-01,6.035604451833386647e-02
-1.763720714411104173e-01,9.487007131004213667e-01,2.624116036110665795e-01
-1.362533705160302519e-02,-2.689182998843610006e-01,9.630666116653699982e-01
9.843363759557267612e-01,1.653608674087418129e-01,6.113658894565850155e-02
-1.758108171834399380e-01,9.465223710337566931e-01,2.705290335950727987e-01
-1.313223351779510203e-02,-2.770400421909264277e-01,9.607686296829590633e-01
9.844425452277038024e-01,1.644442318279479009e-01,6.189482842919141053e-02
-1.752513545559325758e-01,9.442995077454302555e-01,2.785415637116346876e-01
-1.264270258452699150e-02,-2.850553184699056164e-01,9.584276852265044555e-01
9.845486888951561211e-01,1.635244421136053117e-01,6.263893420198594908e-02
-1.746887740125298294e-01,9.420137682651620326e-01,2.865203185522427476e-01
-1.215366324260157109e-02,-2.930355226153057990e-01,9.560243047667120742e-01
9.846549036305598523e-01,1.626002071091596779e-01,6.337107777072789605e-02
-1.741224487660621156e-01,9.396629424774451955e-01,2.944739847181191417e-01
-1.166592253958562142e-02,-3.009895803131985570e-01,9.535560702871717087e-01
9.847611089006815810e-01,1.616716671468442224e-01,6.409235978313630733e-02
-1.735526941020297809e-01,9.372485747365871811e-01,3.023980354214603206e-01
-1.118127836336870080e-02,-3.089132264326673871e-01,9.510244991510258261e-01
9.848681345589996861e-01,1.607307969073553389e-01,6.481025115955271754e-02
-1.729749028478146655e-01,9.347507570156867729e-01,3.103557725338139117e-01
-1.069770071987085833e-02,-3.168700576747399689e-01,9.484086283038039022e-01
9.849762919021027852e-01,1.597737805977202385e-01,6.552895299777600213e-02
-1.723871726372301627e-01,9.321599712733701359e-01,3.183715611783659027e-01
-1.021603900657212967e-02,-3.248847907420603365e-01,9.456984222480637747e-01
9.850842185881401036e-01,1.588114321046154853e-01,6.624206844751373557e-02
-1.717967354195874818e-01,9.295073818587179515e-01,3.263463023677086183e-01
-9.744967993963529751e-03,-3.328587633951993752e-01,9.429263384987528474e-01
9.851915068896865968e-01,1.578461264317787827e-01,6.694994757978588173e-02
-1.712057547202835150e-01,9.268030448754442929e-01,3.342524582630589380e-01
-9.288959504215722404e-03,-3.407648993711295260e-01,9.401026535630202519e-01
9.852992846682900874e-01,1.568662727277974622e-01,6.766308084018760050e-02
-1.706079323729635666e-01,9.240178001133034780e-01,3.421754502730986469e-01
-8.846103620448292695e-03,-3.486890847320032183e-01,9.371967079097098807e-01
9.854087109108086162e-01,1.558595696357962801e-01,6.839201296194735713e-02
-1.699966572626788741e-01,9.211187373103012499e-01,3.502019539697440176e-01
-8.414838804102615227e-03,-3.567184696302357350e-01,9.341740333588862688e-01
9.855210920574849487e-01,1.548119246256584314e-01,6.914799736829592425e-02
-1.693643488449926293e-01,9.180658220715822715e-01,3.584283246811374446e-01
-7.993434275238513187e-03,-3.649498795321212130e-01,9.309928523475879958e-01
9.856376690803995144e-01,1.537094488001301551e-01,6.994134023994816318e-02
-1.687036438981667219e-01,9.148172367734026533e-01,3.669448242809424943e-01
-7.580656942559397572e-03,-3.734740002588370911e-01,9.276096729950917830e-01
9.857593935258683882e-01,1.525407417566150281e-01,7.077952103564055797e-02
-1.680086936120527008e-01,9.113358333255870969e-01,3.758192091651144096e-01
-7.176172858854966939e-03,-3.823588905772977720e-01,9.239860290974396539e-01
9.858882276941979272e-01,1.512844460620486886e-01,7.167579269963769706e-02
-1.672677155833109386e-01,9.075512180420112207e-01,3.851912487951539288e-01
-6.776008270370928802e-03,-3.917445637127390246e-01,9.200490655900439574e-01
9.860232637888615148e-01,1.499471681160947367e-01,7.262210669312950395e-02
-1.664853214508680013e-01,9.034739165303489195e-01,3.949905316241068554e-01
-6.384467512483463225e-03,-4.015603679380487234e-01,9.158103024084967014e-01
9.861609587092208251e-01,1.485630701816635924e-01,7.359061068689376484e-02
-1.656817147471555118e-01,8.991996179800055833e-01,4.049563144278901516e-01
-6.011095655177562530e-03,-4.115447258389911545e-01,9.113697415542233449e-01
9.862997539280649040e-01,1.471482417597690939e-01,7.456668543654043635e-02
-1.648659697774969013e-01,8.947716040733573184e-01,4.149734795341351590e-01
-5.657534845742126159e-03,-4.215817496555860910e-01,9.067727504996858645e-01
9.864379084800886099e-01,1.457217221747042768e-01,7.553431388376763422e-02
-1.640484711049801370e-01,8.902445433699941457e-01,4.249149941852674028e-01
-5.324666037701489968e-03,-4.315435468495530946e-01,9.020763911295982540e-01
9.865748191049069638e-01,1.442915848093807019e-01,7.648571753408035800e-02
-1.632330437490552011e-01,8.856403895044430152e-01,4.347367870957323244e-01
-5.009980678057808501e-03,-4.413853635577443257e-01,8.973036616458905934e-01
9.867087463471486686e-01,1.428782594794489602e-01,7.740576810153809717e-02
-1.624303966121847798e-01,8.810228534938296940e-01,4.443141884040502920e-01
-4.713412782047223144e-03,-4.509817454311663143e-01,8.925207276313528171e-01
9.868404466219521387e-01,1.414760688277389988e-01,7.829722162398917995e-02
-1.616363570350584089e-01,8.763722794002141159e-01,4.537017920541668858e-01
-4.429568618183525250e-03,-4.603869567675467622e-01,8.877072879858777243e-01
9.869701731227891184e-01,1.400843183017234928e-01,7.915971932279271261e-02
-1.608496661952876217e-01,8.716848265276851970e-01,4.629178633468056803e-01
-4.154792881633635054e-03,-4.696189381533640295e-01,8.828594399866519504e-01
9.870990728982321771e-01,1.386923413597802301e-01,7.999909216791234456e-02
-1.600635299940240952e-01,8.669223803399389583e-01,4.720436981247076447e-01
-3.884157682535826529e-03,-4.787588338711972757e-01,8.779378636510357659e-01
9.872309408435843148e-01,1.372601149001164700e-01,8.083767874786450258e-02
-1.592546808362707567e-01,8.619419798361936946e-01,4.813459983455732893e-01
-3.607781818233557307e-03,-4.880734415437008589e-01,8.727951074972669643e-01
9.873622143522965411e-01,1.358273565160461049e-01,8.165039432269044495e-02
-1.584448195055925268e-01,8.568751642850107597e-01,4.905712915441383104e-01
-3.331193329061240584e-03,-4.973086387058229807e-01,8.675673006195891990e-01
9.874934773395319665e-01,1.343890766116360713e-01,8.243911874526548000e-02
-1.576303348736134424e-01,8.517001228306045890e-01,4.997595205410289565e-01
-3.051187061495668276e-03,-5.065041726660044485e-01,8.622321110942976485e-01
9.876256894639194872e-01,1.329361715106745223e-01,8.320740240599187876e-02
-1.568051661432472432e-01,8.463778954791395526e-01,5.089760288845943670e-01
-2.763581460114951545e-03,-5.157251520058843131e-01,8.567496310296410789e-01
9.877589396010587608e-01,1.314692637813603127e-01,8.395302210048477543e-02
-1.559685786460738854e-01,8.409025489422420341e-01,5.182245707345080055e-01
-2.465707482529963177e-03,-5.249749859939187857e-01,8.511140842583102550e-01
9.878910468068529127e-01,1.300143125575877190e-01,8.466143260355943334e-02
-1.551341836576989042e-01,8.353640551935032077e-01,5.273521407928752902e-01
-2.159791592620116923e-03,-5.341003406381421570e-01,8.454183351919479783e-01
9.880179282901888627e-01,1.286184251202913409e-01,8.531045714579316153e-02
-1.543280240612289744e-01,8.299417292113863143e-01,5.360779674102773562e-01
-1.853204409446331880e-03,-5.428204370461034989e-01,8.398467353032665894e-01
9.881439262316146221e-01,1.272355336670571713e-01,8.592263977316895451e-02
-1.535227263704288803e-01,8.244576756155295172e-01,5.447020411558088915e-01
-1.534124970829736472e-03,-5.514350914893573208e-01,8.342163906138965190e-01
9.882758557351966067e-01,1.257923620288599886e-01,8.652811466401144624e-02
-1.526742712863721485e-01,8.186094542050814660e-01,5.536868504849856709e-01
-1.183155968938586237e-03,-5.604059628248524438e-01,8.282172160732692578e-01
9.884089289918160937e-01,1.243434239941371283e-01,8.710052812548985113e-02
-1.518128233578665554e-01,8.126009476873327086e-01,5.627011342682477490e-01
-8.097859759926641149e-04,-5.694018025556086826e-01,8.220589586636070090e-01
9.885482037447618220e-01,1.228052115198361716e-01,8.770022176417152648e-02
-1.509047652437896236e-01,8.061916196799138179e-01,5.720863782751125504e-01
-4.479951362808444340e-04,-5.787693430082101465e-01,8.154911691235029458e-01
9.886849047578253336e-01,1.212743083515257503e-01,8.828760523783388270e-02
-1.500071488906772610e-01,7.997791674884260349e-01,5.812496353159691820e-01
-1.199399119344274860e-04,-5.879165122773476471e-01,8.089216032648434140e-01
9.887905918250761150e-01,1.200757699231350395e-01,8.874105586607311524e-02
-1.493089157763612118e-01,7.947379926387138083e-01,5.883012584947246992e-01
1.148379589168096977e-04,-5.949565803949912191e-01,8.037578331051176139e-01
9.888828527542666835e-01,1.190178196128431620e-01,8.913732183393867359e-02
-1.486963700373029329e-01,7.902769316553688306e-01,5.944339835926539806e-01
3.050674379882972265e-04,-6.010799696610814591e-01,7.991888243872282693e-01
9.889752647621297132e-01,1.179469448260462294e-01,8.953459608061042907e-02
-1.480800243919981607e-01,7.857515423060800197e-01,6.005554263821014649e-01
4.817307821636843362e-04,-6.071927469824577317e-01,7.945544260560215566e-01
9.890786947017944364e-01,1.167356325567978498e-01,8.997848508895174569e-02
-1.473868869671394743e-01,7.806180674502211092e-01,6.073817072783406212e-01
6.642566619834695645e-04,-6.140099550322285493e-01,7.892980006948173699e-01
9.891956524705372011e-01,1.153507365440980120e-01,9.047744863981169172e-02
-1.465988830816133681e-01,7.747247418342447789e-01,6.150693797318282918e-01
8.535879400201389295e-04,-6.216878493134846417e-01,7.832646356236468987e-01
9.892864779663216312e-01,1.142642016472224659e-01,9.086229545351645620e-02
-1.459838601102111388e-01,7.700825953836825111e-01,6.210165125725725099e-01
9.884837149019760124e-04,-6.276276671109674021e-01,7.785130277590213144e-01
9.893628163547113497e-01,1.133429016512519233e-01,9.118445185473361692e-02
-1.454648518435293636e-01,7.661360050974814762e-01,6.259996793797507619e-01
1.092928423975892110e-03,-6.326049386081209480e-01,7.744738841100805571e-01
9.894323122755190880e-01,1.124974460001123555e-01,9.147690456398932524e-02
-1.449907090485209049e-01,7.625071118997587272e-01,6.305240666325757637e-01
1.180556834361917804e-03,-6.371241864482738437e-01,7.707602593150956194e-01
9.895055158222773040e-01,1.115999239301746493e-01,9.178393724419703359e-02
-1.444895607282535577e-01,7.586470276114067879e-01,6.352774624892767452e-01
1.265305316689468908e-03,-6.418723739853893218e-01,7.668104423695365490e-01
9.895926577823334069e-01,1.105226994798792495e-01,9.214718966358992347e-02
-1.438906875663161777e-01,7.540010140288095908e-01,6.409196056324406587e-01
1.357090518847245582e-03,-6.475084584409580568e-01,7.620570546630969222e-01
9.896768150122647878e-01,1.094736573691643539e-01,9.249497375135642963e-02
-1.433099315381609618e-01,7.494608755443646908e-01,6.463518078868670802e-01
1.437132346338157842e-03,-6.529348469631756080e-01,7.574127146277750411e-01
9.897610547358756117e-01,1.084150996371819886e-01,9.283975817828692134e-02
-1.427262312428810853e-01,7.448631761186651490e-01,6.517730216758650386e-01
1.509119939903600651e-03,-6.583502221769338414e-01,7.527102414100883543e-01
9.898771178277908644e-01,1.069435790296280747e-01,9.330789090448930734e-02
-1.419180837196672429e-01,7.384401688025606925e-01,6.592157269196111669e-01
1.596594480058232540e-03,-6.657846408633818491e-01,7.461422537844915048e-01
9.900411159077247003e-01,1.048407868264551318e-01,9.395210604083348294e-02
-1.407682303437710891e-01,7.291862992265941701e-01,6.696802568026178903e-01
1.701216537577446286e-03,-6.762364604510333610e-01,7.366826694202786019e-01
9.901943079884014676e-01,1.028530303523065709e-01,9.453299198895362410e-02
-1.396855705084129873e-01,7.203497328771774066e-01,6.793998850013429625e-01
1.781521466717824213e-03,-6.859427938945118486e-01,7.276532894791858386e-01
9.903477033585982303e-01,1.008405909268446227e-01,9.509259526114893779e-02
-1.385929881519611384e-01,7.113109643956694317e-01,6.890781491015360860e-01
1.846642108666483265e-03,-6.956061293260347167e-01,7.184209787865686314e-01
9.905061604346763193e-01,9.873942236471114353e-02,9.564555719755540864e-02
-1.374552219954098264e-01,7.017693180600647063e-01,6.990178010455924129e-01
1.899496448423264967e-03,-7.055284194869964054e-01,7.086790819633502769e-01
9.906713346271922571e-01,9.652591802435585289e-02,9.619279545317749314e-02
-1.362590941232789676e-01,6.915967956909684355e-01,7.093146914177002049e-01
1.940622653770513774e-03,-7.158048751874600546e-01,6.982976547604591300e-01
9.907983061459271212e-01,9.480919862646303153e-02,9.659157516943096822e-02
-1.353324014461987912e-01,6.836165123859524462e-01,7.171844986569538838e-01
1.964091842243501345e-03,-7.236571562909565047e-01,6.901568390546833909e-01
9.908855028264714759e-01,9.362355067553169985e-02,9.685324489537212866e-02
-1.346922788488797429e-01,6.780537787512462833e-01,7.225656116512351179e-01
1.977449473610553166e-03,-7.290251736954016515e-01,6.844840288957192431e-01
9.909944661911385122e-01,9.213484270034287549e-02,9.716552237617738508e-02
-1.338880162840871968e-01,6.710068720511839224e-01,7.292624882416748333e-01
1.991751400929427183e-03,-7.357043892908219362e-01,6.772998482987383495e-01
9.910947683573130274e-01,9.075773435249727406e-02,9.743815366409168399e-02
-1.331433394309946006e-01,6.644250826082049866e-01,7.353993206188820242e-01
2.002822886634036178e-03,-7.418236604861160322e-01,6.705920111692473817e-01
9.911475956975878132e-01,9.003055006878983579e-02,9.757532268302185341e-02
-1.327494190978873723e-01,6.609214438831189087e-01,7.386206311394218904e-01
2.008798558946086905e-03,-7.450351300913279351e-01,6.670222032724260064e-01
9.912171551991356688e-01,8.907174208650371627e-02,9.774853451636270063e-02
-1.322288929738799634e-01,6.562686449402023170e-01,7.428505808917432729e-01
2.017697058370597138e-03,-7.492514200388545875e-01,6.622825971353732966e-01
9.913114457112487399e-01,8.776861927017415299e-02,9.797084807618508528e-02
-1.315199471649695084e-01,6.498897387278881332e-01,7.485625097436607867e-01
2.030049058743827427e-03,-7.549437045023168480e-01,6.557864606204065749e-01
9.914110614438900182e-01,8.638712325718876650e-02,9.819048926210971473e-02
-1.307667191307120835e-01,6.430599607253472128e-01,7.545687192558807599e-01
2.042648788189656110e-03,-7.609278230208782468e-01,6.488333189182691196e-01
