7.841232500410886264e-01,3.539400541351840623e-02,6.195950234837174220e-01
5.904422614679156744e-01,2.649176761631221733e-01,-7.623624864386918665e-01
-1.911247357556159210e-01,9.636212374357048249e-01,1.868299926275944767e-01
7.839449360117209942e-01,2.982792743196725077e-02,6.201134105028424104e-01
5.889518008257701442e-01,2.802264727485854756e-01,-7.580296337544824015e-01
-1.963826480126676932e-01,9.594704025875334663e-01,2.021149087975903647e-01
7.843389878501195733e-01,-1.137643825688194540e-02,6.202281547382091365e-01
6.005786999727817932e-01,2.642315421389929697e-01,-7.546436258541560083e-01
-1.552986899057608727e-01,9.643922368133514000e-01,2.140795319247210393e-01
7.812638208929431061e-01,-7.145669554025646519e-02,6.200974550216673542e-01
6.186060131837167742e-01,2.213492348977078306e-01,-7.538774904714392600e-01
-8.338851128081868624e-02,9.725732239785367383e-01,2.171356593633720078e-01
7.726807357818494815e-01,-1.304911372519942936e-01,6.212380053510747624e-01
6.347949018957705913e-01,1.595500571760400388e-01,-7.560287205768695395e-01
-4.635221510722260839e-04,9.785275479563437795e-01,2.061163144814109616e-01
7.616674322640717421e-01,-1.709754717465249985e-01,6.250042225341811974e-01
6.440541403873094595e-01,9.390084112788951720e-02,-7.591950712958431824e-01
7.111530346365005362e-02,9.807907180728311358e-01,1.816386061229890159e-01
7.527537467900309309e-01,-1.882701312298142304e-01,6.308061316643354122e-01
6.473096351519369573e-01,3.730253430143950361e-02,-7.613140295758797915e-01
1.198020178630705562e-01,9.814088728665573136e-01,1.499486120330478234e-01
7.466649066302921689e-01,-1.912073538106878745e-01,6.371275661937283452e-01
6.477662035348161762e-01,-8.849677153946447841e-03,-7.617879978398360841e-01
1.512978370817419094e-01,9.815100631910388396e-01,1.172498282095092437e-01
7.417052655657763172e-01,-1.908889993141772712e-01,6.429891125137253693e-01
6.470151393706847776e-01,-4.901490219395702314e-02,-7.609003247348967713e-01
1.767635499912091901e-01,9.803874582174756380e-01,8.715336448542122805e-02
7.367266290004981233e-01,-1.933250216588789372e-01,6.479657753893707239e-01
6.452727671099833806e-01,-8.544949629255788048e-02,-7.591586309001752131e-01
2.021327101736949683e-01,9.774070351298435044e-01,6.179435016915783840e-02
7.305726450503645664e-01,-2.034334611467885912e-01,6.518272658352118887e-01
6.420834045334385953e-01,-1.201750013479945672e-01,-7.571573749797970709e-01
2.323644907845792973e-01,9.716859207696350031e-01,4.282457386401126997e-02
7.210624103903847670e-01,-2.279781480167496488e-01,6.542899274252088615e-01
6.359735798872231394e-01,-1.569843888873975468e-01,-7.555752490744415129e-01
2.749679512835691564e-01,9.609280007409314317e-01,3.179242507723111649e-02
7.060717821509719938e-01,-2.691855687765150607e-01,6.549825182160792236e-01
6.252965466404643013e-01,-1.971190906817341104e-01,-7.550819584442474142e-01
3.323667212139798655e-01,9.427003536843774345e-01,2.914046105950401575e-02
6.853686810136337959e-01,-3.202033864127464824e-01,6.540182500543348931e-01
6.100110102360910558e-01,-2.380391213802459105e-01,-7.557939024235191816e-01
3.976896860170492931e-01,9.169557880221705926e-01,3.218290865856591326e-02
6.613027271428023601e-01,-3.693828984239990731e-01,6.528669524183620121e-01
5.920204045326316056e-01,-2.774638419992820348e-01,-7.566545631344545608e-01
4.606422091034669819e-01,8.868882712045781380e-01,3.519448792215505717e-02
6.373087406020930823e-01,-4.072438637313208210e-01,6.542096385261448876e-01
5.736823817881697707e-01,-3.160928968285947049e-01,-7.556283836736560344e-01
5.145160123179727263e-01,8.568771089203311986e-01,3.217972876318161979e-02
6.159019062763068098e-01,-4.293559378455276687e-01,6.605441174065564969e-01
5.564742947731257106e-01,-3.564154200157547692e-01,-7.505363571113433663e-01
5.576753086589503194e-01,8.298325902973279211e-01,1.940846565797881701e-02
5.990602241064553191e-01,-4.340660190214017944e-01,6.728400355362172958e-01
5.417381755736486726e-01,-3.990602559421324025e-01,-7.397776935950366450e-01
5.896160200907188953e-01,8.076745219524611441e-01,-3.911140024815676006e-03
5.893757374285333306e-01,-4.205064391432086213e-01,6.897903407664481845e-01
5.322266699113692434e-01,-4.402475094193599170e-01,-7.231301615207244016e-01
6.077592988754431103e-01,7.933201864975140127e-01,-3.566661393599719621e-02
5.896108239089790093e-01,-3.889942012451131914e-01,7.078436933550575905e-01
5.324915147452757846e-01,-4.717389232356676843e-01,-7.027911876273428282e-01
6.072990314273583046e-01,7.912940479963852525e-01,-7.100642996735449797e-02
6.001340991456441953e-01,-3.426526603961902451e-01,7.227920129904303881e-01
5.462456951375209702e-01,-4.845417542128637178e-01,-6.832533616213152250e-01
5.843413849728004150e-01,8.048656575060436635e-01,-1.036176685868170494e-01
6.179101518766009216e-01,-2.860620267233970893e-01,7.323630338960690489e-01
5.733321068688058686e-01,-4.734676946167841738e-01,-6.686694358772836688e-01
5.380310410040345381e-01,8.330648561982865186e-01,-1.285521462363162781e-01
6.383039803400052392e-01,-2.210426055690299374e-01,7.373657383736377247e-01
6.100273635629650526e-01,-4.389817688755636160e-01,-6.596679115091200751e-01
4.695046741401825430e-01,8.708818990164421958e-01,-1.453619828159916361e-01
6.562078165171959521e-01,-1.458189588568923889e-01,7.403567831855458747e-01
6.503946580475009620e-01,-3.881713852327195458e-01,-6.529240825178069807e-01
3.825938462493554959e-01,9.099779295959279368e-01,-1.598814467281333696e-01
6.667695073252090099e-01,-5.895585477500318167e-02,7.429284454856851516e-01
6.877164399982893528e-01,-3.354408841126625407e-01,-6.438366079898474315e-01
2.871663072834946817e-01,9.402146387903511648e-01,-1.831170686743963383e-01
6.677512315395318643e-01,3.828841363115231128e-02,7.433991904626615632e-01
7.177898138916879445e-01,-2.976800430012017107e-01,-6.294159432894057549e-01
1.971955417159285129e-01,9.538975131974699595e-01,-2.262594698423434081e-01
6.610310923342898048e-01,1.411077495857484543e-01,7.369712311116729531e-01
7.397082238439922630e-01,-2.874364057123237615e-01,-6.084505867121773326e-01
1.259750315770036821e-01,9.473482666524917217e-01,-2.943831667427186938e-01
6.517159748599364866e-01,2.423893098176356231e-01,7.186889756698774390e-01
7.541667767764920205e-01,-3.078100726943828747e-01,-5.800737146302593628e-01
8.061579033104768199e-02,9.200544412081738122e-01,-3.834068743201882179e-01
6.450841563483219465e-01,3.348331702349308103e-01,6.868430292966363204e-01
7.617519935294800870e-01,-3.523902817292196565e-01,-5.436498000370028061e-01
6.000456496375531495e-02,8.739036708752825344e-01,-4.823813429388221774e-01
6.448038977834265051e-01,4.108685753474196622e-01,6.445270682538365437e-01
7.620389628746268018e-01,-4.110595550617675564e-01,-5.003267034978308159e-01
5.937022419711353999e-02,8.137670783423416321e-01,-5.781507345401012410e-01
6.526880379050039593e-01,4.637486052408230086e-01,5.991124812471834149e-01
7.540580292471714685e-01,-4.742981344777012498e-01,-4.543544225252911239e-01
7.345142970969731344e-02,7.483170003932770875e-01,-6.592621017263778915e-01
6.689789397350953681e-01,4.884681263265654994e-01,5.602376963915443042e-01
7.367867990619435536e-01,-5.352200493000343062e-01,-4.131402831072933379e-01
9.804430919166406966e-02,6.891576231139736608e-01,-7.179478048534588819e-01
6.918822745029109544e-01,4.828656941265075941e-01,5.367865830881837219e-01
7.102871179888409214e-01,-5.886349573550632153e-01,-3.860068300838881417e-01
1.295816090642827600e-01,6.483436299022148352e-01,-7.502393657730606069e-01
7.167095664888415429e-01,4.496435789754273382e-01,5.330555552958037291e-01
6.778775372051458747e-01,-6.286630909790376087e-01,-3.811363564013376393e-01
1.637365529769928274e-01,6.345102289251117744e-01,-7.553721357518908830e-01
7.373922136356176882e-01,3.971619946190311778e-01,5.463654693408794838e-01
6.466783562837075117e-01,-6.487176503517392279e-01,-4.012139736432212000e-01
1.950896973184733652e-01,6.491745699729737362e-01,-7.351954362832719969e-01
7.502159850200543767e-01,3.366481913353224775e-01,5.690730194609298076e-01
6.240723651609063616e-01,-6.448551855890050089e-01,-4.412432337913106406e-01
2.184256708961920812e-01,6.861702736240403722e-01,-6.938735561252500350e-01
7.552731197654106721e-01,2.782017496388407563e-01,5.934361054820472825e-01
6.136846629994170410e-01,-6.180847631351583660e-01,-4.912865364512533639e-01
2.301167680264251947e-01,7.352379653371167167e-01,-6.375510376173798566e-01
7.551568478127477224e-01,2.273804946332701749e-01,6.148465974673935630e-01
6.139587942574203927e-01,-5.740543106727362677e-01,-5.417714770964529025e-01
2.297668105470094813e-01,7.866127411862354757e-01,-5.731034068445205465e-01
7.531524536382435686e-01,1.830654092489946982e-01,6.318611512760067273e-01
6.193075471414731803e-01,-5.212325569118158031e-01,-5.871753206894229082e-01
2.218548614444906253e-01,8.335487482861421160e-01,-5.059414992605431038e-01
7.517528801960038365e-01,1.390760144205429871e-01,6.446126996109888818e-01
6.236044507443769813e-01,-4.677978045815767150e-01,-6.263248086097739087e-01
2.144414064000802478e-01,8.728246744181765715e-01,-4.383969172384739044e-01
7.518702595528615751e-01,8.832080959977688106e-02,6.533686544494907711e-01
6.231467198326131607e-01,-4.188932346001434937e-01,-6.604670143965010176e-01
2.153584953149215164e-01,9.037299020301606811e-01,-3.699903516023265726e-01
7.527544212975960658e-01,2.572466989283609534e-02,6.577986501978915213e-01
6.169841176479939904e-01,-3.759977443790644691e-01,-6.913438655152256418e-01
2.295459905989101490e-01,9.262633536528011025e-01,-2.989058533657838468e-01
7.523831875020248194e-01,-5.026018519858294065e-02,6.568055175617457664e-01
6.061906451179517319e-01,-3.373685240429040166e-01,-7.202190082436163987e-01
2.577836287537996207e-01,9.400299400372674752e-01,-2.233633373536045019e-01
7.487532615190414242e-01,-1.355735552306192304e-01,6.488361858107912772e-01
5.937824588007806215e-01,-2.978675492894030108e-01,-7.474606001094802332e-01
2.946029203888638204e-01,9.449310411732266823e-01,-1.425282934339301977e-01
7.424368086597995520e-01,-2.200711712905524531e-01,6.327371460435713413e-01
5.840521401229752385e-01,-2.499930349416976949e-01,-7.722607140086855670e-01
3.281319896236636335e-01,9.429062238672387686e-01,-5.707119096122238028e-02
7.381982058184731743e-01,-2.903053071708253663e-01,6.089222210919191802e-01
5.804259341679899320e-01,-1.866435028721452338e-01,-7.926348248451399181e-01
3.437572690139905074e-01,9.385558366792213780e-01,3.072062857023070623e-02
7.436597181119073419e-01,-3.321344009027205058e-01,5.802215113013946546e-01
5.829649431323821185e-01,-1.027234320154088304e-01,-8.059775418172872019e-01
3.272950156363007013e-01,9.376218289262915340e-01,1.172312301917872862e-01
7.641354007643782476e-01,-3.345232903651264578e-01,5.515354058511499069e-01
5.860361854821484195e-01,2.728347708804717067e-03,-8.102803042092332486e-01
2.695526618902740479e-01,9.423835724582645401e-01,1.981273748253303268e-01
7.962887751878716669e-01,-2.957464394787766571e-01,5.276914698340680054e-01
5.796057255501336769e-01,1.233214178373610304e-01,-8.055116744944392781e-01
1.731513647917665155e-01,9.472728996688926095e-01,2.696155819026955225e-01
8.295248834348485367e-01,-2.252603811766948072e-01,5.110247554407286730e-01
5.559872549628440686e-01,2.469201058607220500e-01,-7.936678545016067066e-01
5.259946046311437390e-02,9.424904730027467981e-01,3.300680588337964183e-01
8.537421540484426696e-01,-1.415566770464901369e-01,5.010849561287091802e-01
5.159016802888254372e-01,3.602531231970909076e-01,-7.772150139951853332e-01
-7.049761108423971412e-02,9.220517674131843977e-01,3.805923819965450483e-01
8.656551088820561013e-01,-6.733559929149227075e-02,4.960919921698858648e-01
4.695145798147594696e-01,4.531400357339281371e-01,-7.577731910041756169e-01
-1.737741840779786495e-01,8.888926265735489496e-01,4.238777977557299237e-01
8.691665588341305204e-01,-1.691386952985662884e-02,4.942302655481324858e-01
4.288052123741005750e-01,5.235945160486510375e-01,-7.361894616198264574e-01
-2.463245849589046077e-01,8.517997430142626447e-01,4.623433499528858959e-01
8.693515748420663769e-01,1.018063050187601598e-02,4.940894277207588670e-01
3.985749329991402634e-01,5.766448022284059727e-01,-7.131751930838262643e-01
-2.921748033971650060e-01,8.169316098907997148e-01,4.972490577788247768e-01
8.687659040596794613e-01,2.212239194742649656e-02,4.947288131242841835e-01
3.769064110715928395e-01,6.184689011640567280e-01,-6.895200124481540849e-01
-3.212283383765485723e-01,7.854979177176372174e-01,5.289663414735142899e-01
8.681489893672743596e-01,2.603838531682410237e-02,4.956203722542534273e-01
3.606190960197678264e-01,6.530096165133758568e-01,-6.659822750774907485e-01
-3.409860864953885295e-01,7.569019977635146335e-01,5.575194029662919881e-01
8.676761424337473549e-01,2.513136033041939166e-02,4.964944762173791326e-01
3.482830052196352333e-01,6.819242287831601690e-01,-6.431783470256428048e-01
-3.547356695339839439e-01,7.309910928152377751e-01,5.829362482265649792e-01
8.673956748269593398e-01,2.031144345803416115e-02,4.972046267306249878e-01
3.397170156398153784e-01,7.059341169196718946e-01,-6.214897188911118198e-01
-3.636171710384898947e-01,7.079863731148194894e-01,6.054237356931645442e-01
8.673209132760369977e-01,1.015327224482701247e-02,4.976460624298147950e-01
3.362043774481591751e-01,7.253035727663812438e-01,-6.007507363620369079e-01
-3.670441633482811050e-01,6.883544785885969963e-01,6.256570547370648994e-01
8.673260829461827415e-01,-7.706196001894735463e-03,4.976809596080807307e-01
3.392992702795111226e-01,7.407176309726070107e-01,-5.798392025645638936e-01
-3.641728223538186482e-01,6.717724776201583481e-01,6.450580985996079431e-01
8.670809470720295398e-01,-3.339180493240666292e-02,4.970471453377053872e-01
3.482156286493179875e-01,7.541455855653381724e-01,-5.567857880298271445e-01
-3.562539514223083126e-01,6.558579708807283914e-01,6.655324915226388249e-01
8.664596512661654204e-01,-6.217018220144857055e-02,4.953612492819841617e-01
3.581165010708339258e-01,7.687248057706709270e-01,-5.299196549918766541e-01
-3.478514122730645419e-01,6.365510873719495422e-01,6.883328801023425036e-01
8.662418950206688395e-01,-8.380792009348141114e-02,4.925458463276490284e-01
3.604378724576283721e-01,7.875145580072439033e-01,-4.999054393157681964e-01
-3.459911352464743461e-01,6.105712733828472238e-01,7.123853521571990033e-01
8.674712991656465810e-01,-8.926563382846804118e-02,4.894132800716720633e-01
3.490891495265334710e-01,8.101273599936571479e-01,-4.709888557969873490e-01
-3.544441292419861500e-01,5.794182476242742963e-01,7.339236183205638531e-01
8.697045267920315847e-01,-7.930570618425571150e-02,4.871599056057246968e-01
3.273422969511283753e-01,8.313872220242983779e-01,-4.490460670981890612e-01
-3.694067779001286023e-01,5.500055063801064792e-01,7.490210858511894276e-01
8.713569061608497091e-01,-6.700714771168359007e-02,4.860527555460923410e-01
3.084068938966206819e-01,8.452668848521855960e-01,-4.363589444789780503e-01
-3.816053139755484214e-01,5.301264621827622703e-01,7.571943717121759621e-01
8.715336480698334665e-01,-6.985361492559105656e-02,4.853345582919350587e-01
3.062166601257315657e-01,8.505936342532023353e-01,-4.274597717531864460e-01
-3.829630662557462761e-01,5.211631597758393797e-01,7.627111073481739334e-01
8.698215580415659121e-01,-9.696904240258874541e-02,4.837432042290450984e-01
3.236914209303468626e-01,8.521292540413362149e-01,-4.112172308043700042e-01
-3.723365886054557650e-01,5.142691967493259186e-01,7.725882623205914124e-01
8.662530024160343123e-01,-1.415027331444380920e-01,4.791478974155919945e-01
3.492712509236792773e-01,8.572722962234679001e-01,-3.782774119652636546e-01
-3.572331243524292654e-01,4.950365936171164383e-01,7.920373811993399737e-01
8.647828194408333502e-01,-1.758842490089041199e-01,4.703353907229745889e-01
3.572891671584809692e-01,8.736713256310727482e-01,-3.302163706248733566e-01
-3.528388782566114212e-01,4.536112504244751986e-01,8.183773525054240938e-01
8.722961028716830212e-01,-1.603803521937482435e-01,4.619281482260840788e-01
3.175665971445811864e-01,9.041506346111586323e-01,-2.857675014829402227e-01
-3.718213282357884508e-01,3.959668849576102323e-01,8.396183921102233771e-01
8.835698870052415277e-01,-8.973524469593215092e-02,4.596213691820280056e-01
2.347060966421140871e-01,9.341587513418683208e-01,-2.688130462707234436e-01
-4.052375165475112784e-01,3.453910918666381891e-01,8.464558268637863980e-01
8.872812214896699246e-01,2.108935495698315704e-02,4.607463893326470550e-01
1.331241346010817450e-01,9.447297937437258986e-01,-2.996056735975083929e-01
-4.415995314119970927e-01,3.271709681102747402e-01,8.354333778930611576e-01
8.808366323408367560e-01,1.303226691796447456e-01,4.551294221910718862e-01
5.342046043376017656e-02,9.278635838177413664e-01,-3.690737079647377628e-01
-4.703968872249016386e-01,3.494068545475011445e-01,8.103342120122667414e-01
8.733179519982603445e-01,2.113467953845127589e-01,4.389171314843874905e-01
1.341233227629850915e-02,8.902155829115171448e-01,-4.553419622109862175e-01
-4.869661331756208744e-01,4.035451808232929927e-01,7.746064729379223968e-01
8.713766769798012568e-01,2.615628980442850637e-01,4.150752921084755465e-01
6.309923803604162648e-03,8.399865815310719741e-01,-5.425704604562943123e-01
-4.905741758375128936e-01,4.754022928239045598e-01,7.302941548613801626e-01
8.750697926886714662e-01,2.910028295738057436e-01,3.867430300483309380e-01
1.713677253376281670e-02,7.799315396800275968e-01,-6.256301630344780484e-01
-4.836934332005636272e-01,5.540975294336309975e-01,6.775075674530802727e-01
8.815367230067648885e-01,3.115145384139341167e-01,3.547557717703939129e-01
3.311525765538071708e-02,7.087677029658030481e-01,-7.046642456136381627e-01
-4.709527903750633793e-01,6.329351760862038656e-01,6.144887664773274194e-01
8.870275580303778051e-01,3.341382489593755500e-01,3.186435312596145875e-01
4.445897137959384238e-02,6.251095316064895213e-01,-7.792698179322977703e-01
-4.595711616778137554e-01,7.054002963673096094e-01,5.396338385586670894e-01
8.875933349423311691e-01,3.670352189838179124e-01,2.783220735297855519e-01
4.539231065607089721e-02,5.315870630528038987e-01,-8.457864435015123306e-01
-4.583860268166960461e-01,7.633480104149035217e-01,4.551724664318991254e-01
8.790677964874612504e-01,4.141935338078974738e-01,2.359734753424723164e-01
3.481212439443039791e-02,4.379172288544734837e-01,-8.983410220272155522e-01
-4.754240915182208482e-01,7.979173053378396663e-01,3.705398952776239874e-01
8.578177138798963597e-01,4.743039947166105552e-01,1.979506101867002932e-01
1.570991294638105981e-02,3.607746269009193263e-01,-9.325206925884743647e-01
-5.137140408298610517e-01,8.030424442045499545e-01,3.020275187375173753e-01
8.250915086454537750e-01,5.374173147692998809e-01,1.743748382274476760e-01
-6.222283113219155733e-03,3.172529677131798453e-01,-9.483205218887544863e-01
-5.649649892790512551e-01,7.813660736771027571e-01,2.651066254323256599e-01
7.910042299304497204e-01,5.868592142103874476e-01,1.729408030046903355e-01
-2.535764990612682929e-02,3.138752586180459936e-01,-9.491255374540205070e-01
-6.112850843173198712e-01,7.463768045742535939e-01,2.631579609359602778e-01
7.703851868159166116e-01,6.083662758940470150e-01,1.907802063659237435e-01
-3.665487964972381080e-02,3.409920331006883187e-01,-9.393512798959039456e-01
-6.365243435235981018e-01,7.166691438438481665e-01,2.849947326200792941e-01
7.722058449749166220e-01,5.977297495498732349e-01,2.154465755097429713e-01
-3.556768310072587480e-02,3.792219428590612451e-01,-9.246218856970278566e-01
-6.343762507536171436e-01,7.063353506977840812e-01,3.140971861264664211e-01
7.929755744527242634e-01,5.620453124580069293e-01,2.351483599156749260e-01
-2.140839242572933551e-02,4.114283258235758578e-01,-9.111906423198157245e-01
-6.088773037729611204e-01,7.175176453877313287e-01,3.382850179522689515e-01
8.200166635019898731e-01,5.167790343510583195e-01,2.459919636282762168e-01
-3.125729860799327160e-04,4.302050682280312288e-01,-9.027311197015930322e-01
-5.723396904970229349e-01,7.401775518874454951e-01,3.529367715670025940e-01
8.409543082973649497e-01,4.797723918512251662e-01,2.502283901824157719e-01
1.791788519078145805e-02,4.374946742096303409e-01,-8.990424528772101853e-01
-5.408095255140369373e-01,7.605370777551049288e-01,3.593164391649517619e-01
8.481482308176339080e-01,4.662592836674148145e-01,2.514891685011008682e-01
2.458733218200654519e-02,4.395662044254780576e-01,-8.978735921281403298e-01
-5.291882282670108406e-01,7.677132396040207141e-01,3.613531410002803756e-01
8.329688196994851079e-01,4.921283917403290742e-01,2.529279215221759136e-01
1.061170859721545685e-02,4.428175309154123163e-01,-8.965489379628588384e-01
-5.532182923236466099e-01,7.494811955272784321e-01,3.636307868187553249e-01
7.805695106639496395e-01,5.694668901431035879e-01,2.577181430555785524e-01
-3.344521115659120775e-02,4.497632880648489428e-01,-8.925213580391424539e-01
-6.241736973048714887e-01,6.880553923106229597e-01,3.701173626611355960e-01
6.796232042858793010e-01,6.823495051971784076e-01,2.692793964764322867e-01
-1.063967501424508966e-01,4.548951961308544401e-01,-8.841663100706668166e-01
-7.258045009767184474e-01,5.722493335929498270e-01,3.817570104020176491e-01
5.387916156651854083e-01,7.913729999153512606e-01,2.888465155153427388e-01
-1.928338095691093934e-01,4.496194859926126441e-01,-8.721567584030145426e-01
-8.200724534042471703e-01,4.142111967931776384e-01,3.948545847921495211e-01
3.792694365803574441e-01,8.711963714651046464e-01,3.117234602835519675e-01
-2.770759502696226728e-01,4.283675344952972974e-01,-8.600756620568357214e-01
-8.828270917368712389e-01,2.398291424546324657e-01,4.038541757123449427e-01
2.204025781360288427e-01,9.180226918797864677e-01,3.296315805681634403e-01
-3.497262574495818566e-01,3.898478921534972441e-01,-8.518862229898457317e-01
-9.105571107714666157e-01,7.247689550497005140e-02,4.069800163281833139e-01
8.451049776168322036e-02,9.371605569674256175e-01,3.385084988529929451e-01
-4.033939629455947085e-01,3.428175272723583689e-01,-8.483804715947718122e-01
-9.111153819383649433e-01,-6.485543833255642820e-02,4.070164842309483277e-01
-1.113083109552893968e-02,9.401707556361533769e-01,3.405216468267714958e-01
-4.362373446739035154e-01,3.018609766447528098e-01,-8.476891533539679946e-01
-8.997627476338380115e-01,-1.579839539682439120e-01,4.067775232228864613e-01
-6.028145784074899483e-02,9.385595761246294799e-01,3.398117195442200145e-01
-4.514073949348593184e-01,2.779980275943534362e-01,-8.479082681600931259e-01
-8.902794005504565122e-01,-2.045068795088273716e-01,4.069144997412009745e-01
-7.579503255136978146e-02,9.378883984367002435e-01,3.385563496048553112e-01
-4.559327043348299080e-01,2.693618034851874010e-01,-8.482744595262392551e-01
-8.867809077599768663e-01,-2.186541121352623962e-01,4.071976003286258972e-01
