-9.884129193032570315e-01,1.282402224073848906e-01,-8.120558054294953199e-02
1.286651554013960030e-01,9.916880950104900450e-01,-1.720304619261415419e-18
8.053060747285853416e-02,-1.044832864001918327e-02,-9.966973731723599572e-01
-9.884579316561041828e-01,1.278933879446426392e-01,-8.120469530811351422e-02
1.283166085747465546e-01,9.917332564079158752e-01,6.854116698270086997e-06
8.053427373375302012e-02,-1.041313609624198305e-02,-9.966974452791040884e-01
-9.885019999435644689e-01,1.275531481858944438e-01,-8.120346935871967931e-02
1.279744598961390367e-01,9.917774703893607047e-01,1.636706828509176120e-05
8.053786056354265976e-02,-1.037579125323958781e-02,-9.966975451269662889e-01
-9.885454300652672943e-01,1.272171574053644894e-01,-8.120192126853736925e-02
1.276363668480664793e-01,9.918210438717820487e-01,2.840526743255913003e-05
8.054139217587572008e-02,-1.033623831455378513e-02,-9.966976712646711256e-01
-9.885879274416320417e-01,1.268877267421771038e-01,-8.120006716379703227e-02
1.273046576133743113e-01,9.918636813281670461e-01,4.285451112865622518e-05
8.054484388189248056e-02,-1.029478129511201233e-02,-9.966978224639090334e-01
-9.886290127487331603e-01,1.265686343754995891e-01,-8.119792513702740744e-02
1.269831335634137304e-01,9.919049018844355858e-01,5.958491807698951671e-05
8.054817607593295348e-02,-1.025185958979144864e-02,-9.966979973346470345e-01
-9.886681651536551874e-01,1.262640193926480026e-01,-8.119551662200677478e-02
1.266759604053143140e-01,9.919441830152279094e-01,7.843945257204651520e-05
8.055134598021904124e-02,-1.020796944858792799e-02,-9.966981941926101873e-01
-9.887053329862979245e-01,1.259743777225732220e-01,-8.119286418091564705e-02
1.263836494670064758e-01,9.919814728811888749e-01,9.925074973064705835e-05
8.055434908543054884e-02,-1.016332072005910782e-02,-9.966984112262209372e-01
-9.887404138746075377e-01,1.257006056476495381e-01,-8.118998922210865499e-02
1.261071131540829893e-01,9.920166687508645831e-01,1.218588129151299568e-04
8.055717695779823773e-02,-1.011814839107432959e-02,-9.966986466785405785e-01
-9.887722923269730568e-01,1.254515828717133741e-01,-8.118691686872492319e-02
1.258552763517452322e-01,9.920486514563642277e-01,1.460719664788029718e-04
8.055973970223166691e-02,-1.007336989548741554e-02,-9.966988984417254338e-01
-9.888007429908064472e-01,1.252292214861364661e-01,-8.118367641279437830e-02
1.256300761953487721e-01,9.920771948520712424e-01,1.716626544219530673e-04
8.056201978072380365e-02,-1.002937122493159292e-02,-9.966991640148484821e-01
-9.888258457596171835e-01,1.250330192234651305e-01,-8.118029595275084997e-02
1.254310269025822322e-01,9.921023790065998105e-01,1.984101524426521628e-04
8.056402450493335698e-02,-9.986334711466038350e-03,-9.966994409520161247e-01
-9.888465456893452687e-01,1.248714381224133724e-01,-8.117680545523910107e-02
1.252666381722910005e-01,9.921231455039498659e-01,2.260758288335835324e-04
8.056567058564652328e-02,-9.945191109445699826e-03,-9.966997266170144476e-01
-9.888617469698474105e-01,1.247532809074035492e-01,-8.117324075620063750e-02
1.251457656753036107e-01,9.921383949701354510e-01,2.543704242979155064e-04
8.056687238076630508e-02,-9.906950064917711268e-03,-9.967000178591644000e-01
-9.888708957805426580e-01,1.246830446174410773e-01,-8.116964101475258875e-02
1.250729476050948807e-01,9.921475717918044612e-01,2.829745164285365632e-04
8.056758832596394582e-02,-9.872300864406692578e-03,-9.967003112384410501e-01
-9.888737325542761303e-01,1.246628501203226602e-01,-8.116604531003888956e-02
1.250503382775321470e-01,9.921504155869682595e-01,3.115665984255297700e-04
8.056780077887570890e-02,-9.841741262686129130e-03,-9.967006033285191746e-01
-9.888700884584535888e-01,1.246940411320950903e-01,-8.116249113808922389e-02
1.250793113779142540e-01,9.921467570468263109e-01,3.398360954874043776e-04
8.056749958028942837e-02,-9.815694616081001994e-03,-9.967008908630230479e-01
-9.888598670015236181e-01,1.247773237782030809e-01,-8.115901380502714424e-02
1.251605995020235729e-01,9.921364994898589362e-01,3.674892248086557181e-04
8.056668042764360271e-02,-9.794515343869325541e-03,-9.967011708041574325e-01
-9.888431558890617978e-01,1.249118791144460533e-01,-8.115564571232725122e-02
1.252934031758856093e-01,9.921197310632872135e-01,3.942558148522851873e-04
8.056535350535770634e-02,-9.778409743800731135e-03,-9.967014404150918994e-01
-9.888204275863317072e-01,1.250937867639652645e-01,-8.115241514285097268e-02
1.254738083710433827e-01,9.920969259069366553e-01,4.199002518242199661e-04
8.056355895604055961e-02,-9.767296509720763825e-03,-9.967016973663126445e-01
-9.887916035664463532e-01,1.253234400429638906e-01,-8.114934690424975561e-02
1.257022265801788496e-01,9.920680055168119571e-01,4.442168630723009005e-04
8.056129330003734823e-02,-9.761415550933797564e-03,-9.967019396833459721e-01
-9.887564501721990418e-01,1.256023957576697936e-01,-8.114646396217188584e-02
1.259802352416867499e-01,9.920327358369703807e-01,4.670169455712021777e-04
8.055854071793289162e-02,-9.761084450615258382e-03,-9.967021656107442062e-01
-9.887152125250820989e-01,1.259283804891459801e-01,-8.114378676099881504e-02
1.263055669771662171e-01,9.919913630797617676e-01,4.881348816818563614e-04
8.055532243886086297e-02,-9.766285432460587723e-03,-9.967023736615201468e-01
-9.886685638135056520e-01,1.262957399571733585e-01,-8.114133180372015697e-02
1.266725594568444413e-01,9.919445628176644103e-01,5.074401946535435620e-04
8.055169241192654261e-02,-9.776689791484934750e-03,-9.967025627203323079e-01
-9.886173912303932720e-01,1.266971735696778567e-01,-8.113911118785956111e-02
1.270738953858858156e-01,9.918932252420636919e-01,5.248413610863943580e-04
8.054772045104664768e-02,-9.791795360127929920e-03,-9.967027320640142740e-01
-9.885621579446737250e-01,1.271287421298309961e-01,-8.113713343333014971e-02
1.275056273973810272e-01,9.918378152109688095e-01,5.402786141440437187e-04
8.054344279681718843e-02,-9.811341778224532892e-03,-9.967028812776237423e-01
-9.885032000885997094e-01,1.275875231968805756e-01,-8.113540449591215287e-02
1.279648263682794107e-01,9.917786701319446507e-01,5.537151364233871068e-04
8.053888538352048376e-02,-9.835128359365875872e-03,-9.967030101587314173e-01
-9.884405129765378994e-01,1.280732506384838765e-01,-8.113392812742963034e-02
1.284512266930865898e-01,9.917157855431232294e-01,5.651335562382193284e-04
8.053404743760202156e-02,-9.863151208388553498e-03,-9.967031186760189065e-01
-9.883741502261039757e-01,1.285851988821664627e-01,-8.113270566906170822e-02
1.289641001232971762e-01,9.916492154201335119e-01,5.745370249422647978e-04
8.052893244620409896e-02,-9.895348267187513425e-03,-9.967032069751029510e-01
-9.883044953776538577e-01,1.291201141766922800e-01,-8.113173537245091382e-02
1.295001797694634582e-01,9.915793445930768391e-01,5.819541444580015287e-04
8.052356912051467086e-02,-9.931425770221645813e-03,-9.967032754259340654e-01
-9.882321425910043367e-01,1.296731808333161651e-01,-8.113101209378656420e-02
1.300546293917232143e-01,9.915067690845946746e-01,5.874408198779793640e-04
8.051800218335711246e-02,-9.970935083736582119e-03,-9.967033246430941906e-01
-9.881577574262555563e-01,1.302391177331933547e-01,-8.113052752834748471e-02
1.306221437494307080e-01,9.914321564798854736e-01,5.910777086651399902e-04
8.051228168618347614e-02,-1.001336461112655590e-02,-9.967033554635826853e-01
-9.880820534677784428e-01,1.308123707508662970e-01,-8.113027092710063670e-02
1.311971421762707646e-01,9.913562224885426044e-01,5.929639515226345099e-04
8.050646130086167029e-02,-1.005816179999545652e-02,-9.967033688877958708e-01
-9.880056773077977583e-01,1.313879876677762626e-01,-8.113023005174843649e-02
1.317746470463995456e-01,9.912796155949277210e-01,5.932092054017185610e-04
8.050058952914729282e-02,-1.010481247740274355e-02,-9.967033660025260700e-01
-9.879291410594995826e-01,1.319621110878365366e-01,-8.113039252510349797e-02
1.323507792033294383e-01,9.912028493834017517e-01,5.919229209301710322e-04
8.049470459682364631e-02,-1.015289185585358314e-02,-9.967033478748802411e-01
-9.878529269399765056e-01,1.325311754253862273e-01,-8.113074626335499417e-02
1.329219525790877876e-01,9.911264074262635670e-01,5.892107802869067613e-04
8.048884247723843421e-02,-1.020200270598408711e-02,-9.967033155159189528e-01
-9.877780655387428110e-01,1.330876100806486495e-01,-8.113127618532528507e-02
1.334805611451177487e-01,9.910513232393171057e-01,5.851988742981286762e-04
8.048308144709856449e-02,-1.025140077343183326e-02,-9.967032701271882900e-01
-9.877057321683637703e-01,1.336229027676763270e-01,-8.113196208505435436e-02
1.340180511497298110e-01,9.909787754636915080e-01,5.800488020497136452e-04
8.047751133235069021e-02,-1.030022907210560897e-02,-9.967032132694839675e-01
-9.876367010948403635e-01,1.341316252507711027e-01,-8.113278132391132935e-02
1.345289618755733663e-01,9.909095405142436253e-01,5.739371796611432257e-04
8.047219148847585546e-02,-1.034786663542339516e-02,-9.967031466716613775e-01
-9.875712775114866560e-01,1.346118597033222897e-01,-8.113371200274976935e-02
1.350113553317579262e-01,9.908439243624118653e-01,5.670322501528345105e-04
8.046714539922725229e-02,-1.039398694430848820e-02,-9.967030719954147466e-01
-9.875099765103193539e-01,1.350601634958206732e-01,-8.113473352991516785e-02
1.354617646783696505e-01,9.907824435131482588e-01,5.594899616479013203e-04
8.046241295790310111e-02,-1.043815163803419981e-02,-9.967029907913945719e-01
-9.874533326294951951e-01,1.354729768187495631e-01,-8.113582608467621859e-02
1.358766061738478637e-01,9.907256339885233132e-01,5.514581127232040395e-04
8.045803581218373413e-02,-1.047992101259463855e-02,-9.967029045401546439e-01
-9.874019281162202955e-01,1.358464099688647120e-01,-8.113697081167120517e-02
1.362519658532250488e-01,9.906740796773684243e-01,5.430751748622423755e-04
8.045405954427729822e-02,-1.051883788618356713e-02,-9.967028146393742682e-01
-9.873569934293731087e-01,1.361718836455219350e-01,-8.113814940131074127e-02
1.365792251150957926e-01,9.906290146328212698e-01,5.344734739725740154e-04
8.045058018531305033e-02,-1.055406914763365456e-02,-9.967027224389204410e-01
-9.873202626890238420e-01,1.364372108949784002e-01,-8.113934375990052017e-02
1.368461460523061057e-01,9.905921781057708264e-01,5.257816077141469219e-04
8.044773318005492280e-02,-1.058449146382168561e-02,-9.967026292704013191e-01
-9.872927966332156746e-01,1.366350944375233356e-01,-8.114053763823909915e-02
1.370453978767132430e-01,9.905646339893960928e-01,5.171130366597716070e-04
8.044560212937307275e-02,-1.060939521441579478e-02,-9.967025363257471238e-01
-9.872751851319164773e-01,1.367615819700114532e-01,-8.114171870532008168e-02
1.371730082774880455e-01,9.905469739308362387e-01,5.085518031943195294e-04
8.044423426160682289e-02,-1.062837311303678305e-02,-9.967024444985479459e-01
-9.872681594486149015e-01,1.368116029228028108e-01,-8.114287934681851944e-02
1.372238858197892541e-01,9.905399314250830090e-01,5.001472776285693792e-04
8.044368785777331055e-02,-1.064096187194486093e-02,-9.967023543221464887e-01
-9.872719923315461665e-01,1.367832754187487121e-01,-8.114401699427586934e-02
1.371961413414911068e-01,9.905437800984345786e-01,4.919121648455576168e-04
8.044398557630598467e-02,-1.064699516576831165e-02,-9.967022659441285848e-01
-9.872859231874671071e-01,1.366820419902356754e-01,-8.114513384532917595e-02
1.370952371729839969e-01,9.905577571344417187e-01,4.838249824377441072e-04
8.044506956541863651e-02,-1.064693811343930992e-02,-9.967021791480229487e-01
-9.873080113668381008e-01,1.365217685078577436e-01,-8.114623523943072236e-02
1.369350887093079838e-01,9.905799160913510981e-01,4.758422133138911570e-04
8.044678981074676605e-02,-1.064196451532539202e-02,-9.967020934795304266e-01
-9.873360136858440050e-01,1.363184857178000864e-01,-8.114732747240241406e-02
1.367317838945976971e-01,9.906080070579035279e-01,4.679142740200827673e-04
8.044897234512740636e-02,-1.063343073037659008e-02,-9.967020084172878436e-01
-9.873710406736198042e-01,1.360639324208711698e-01,-8.114841822556141671e-02
1.364770390422005431e-01,9.906431439953717888e-01,4.599816269009655866e-04
8.045170451341504547e-02,-1.062072387351776365e-02,-9.967019233425223890e-01
-9.874158321832937624e-01,1.357378762567675312e-01,-8.114951950609611275e-02
1.361505623032671919e-01,9.906880751806232954e-01,4.519522068154671894e-04
8.045520103437833748e-02,-1.060228857445527639e-02,-9.967018373133488263e-01
-9.874713158473649166e-01,1.353330100239117373e-01,-8.115064835323068659e-02
1.357450329500651809e-01,9.907437312200596535e-01,4.436958449177399121e-04
8.045953544386873213e-02,-1.057766119177511524e-02,-9.967017490083103226e-01
-9.875382497651181701e-01,1.348430437322327424e-01,-8.115182616014396388e-02
1.352541535910568582e-01,9.908108727076871958e-01,4.350488363474514170e-04
8.046476819771919420e-02,-1.054649491064239136e-02,-9.967016567745423661e-01
-9.876158871207774137e-01,1.342725049481255373e-01,-8.115307726983982117e-02
1.346824821988572563e-01,9.908887507615903312e-01,4.258236059874581625e-04
8.047084222978138912e-02,-1.050934847508964640e-02,-9.967015587314932423e-01
-9.877032752068647392e-01,1.336273677666735271e-01,-8.115442685896490094e-02
1.340360287933303474e-01,9.909764099836130269e-01,4.158237224187010385e-04
8.047768441583919019e-02,-1.046690741341994163e-02,-9.967014529301388981e-01
-9.877972015054105048e-01,1.329303856652989391e-01,-8.115589693030537954e-02
1.333376366632927634e-01,9.910706282373838993e-01,4.048736348474289508e-04
8.048504464533115521e-02,-1.042120323802493351e-02,-9.967013376612244846e-01
-9.878970345411759446e-01,1.321854315811187841e-01,-8.115750583969844056e-02
1.325912039683047050e-01,9.911707722925026109e-01,3.928223595741960755e-04
8.049287488674233826e-02,-1.037270415328139794e-02,-9.967012114896217634e-01
-9.880039939700172580e-01,1.313824914904621055e-01,-8.115927370945508201e-02
1.317866972928844749e-01,9.912780657382554983e-01,3.795017712281530337e-04
8.050127256370823159e-02,-1.032076415290441099e-02,-9.967010728264324992e-01
-9.881224576422850125e-01,1.304873121670056813e-01,-8.116123005198019880e-02
1.308897700849873114e-01,9.913969001397987535e-01,3.646658886893564444e-04
8.051058396127383499e-02,-1.026284095503184057e-02,-9.967009193203030248e-01
-9.882639502455210501e-01,1.294099340788128216e-01,-8.116343213596965978e-02
1.298102035031273860e-01,9.915388361470762746e-01,3.478419581772788862e-04
8.052171961470405703e-02,-1.019208272029820984e-02,-9.967007463890369401e-01
-9.884292234666480770e-01,1.281398358752767197e-01,-8.116596268992959384e-02
1.285374982508830088e-01,9.917046284322006411e-01,3.283363570705529031e-04
8.053474597216475628e-02,-1.010833325162212998e-02,-9.967005473649946934e-01
-9.886168346131949392e-01,1.266823316999148574e-01,-8.116891007263529745e-02
1.270770492259166995e-01,9.918928305996291828e-01,3.053793215186994051e-04
8.054955891744727814e-02,-1.001280312074233347e-02,-9.967003150363248354e-01
-9.888263131409752438e-01,1.250344323997499285e-01,-8.117236490990951958e-02
1.254259253624087633e-01,9.921029715451826769e-01,2.781415753369118255e-04
8.056613386485450556e-02,-9.906085912442769148e-03,-9.967000419006950551e-01
-9.890599315018098192e-01,1.231700770455577687e-01,-8.117642712484210432e-02
1.235580580141700940e-01,9.923373319886593658e-01,2.456634828019203733e-04
8.058466778008842313e-02,-9.787026384065446866e-03,-9.966997195929587772e-01
-9.893191879371143749e-01,1.210668126807788875e-01,-8.118121034632591604e-02
1.214510138795413668e-01,9.925974164628612595e-01,2.067966909686092642e-04
8.060530327545106788e-02,-9.654952936557494383e-03,-9.966993385104697678e-01
-9.895983463909449052e-01,1.187595114103047883e-01,-8.118682143566915976e-02
1.191398776679698929e-01,9.928774727039639814e-01,1.603552717760927250e-04
8.062761388245588690e-02,-9.513901205865621380e-03,-9.966988894215181860e-01
-9.899010259392865274e-01,1.162049859784855810e-01,-8.119336507006177928e-02
1.165814238380002976e-01,9.931811337726974553e-01,1.050573088801403309e-04
8.065192776349196235e-02,-9.361642300891334298e-03,-9.966983630790950954e-01
-9.902390360692977511e-01,1.132830539716292301e-01,-8.120099048191853353e-02
1.136552231030641957e-01,9.935202510355566341e-01,3.905136466921172757e-05
8.067925223787887623e-02,-9.190247034991584629e-03,-9.966977463971902207e-01
-9.900437119677878428e-01,1.149769664998674668e-01,-8.120187970227098206e-02
1.153553832659294232e-01,9.933242849356004323e-01,3.131141315249722531e-05
8.066339911523809358e-02,-9.336074818458904578e-03,-9.966976742345795559e-01
-9.898618564607785109e-01,1.165316680515296882e-01,-8.120267941577963278e-02
1.169157992796461265e-01,9.931418306316098787e-01,2.444950934803384902e-05
8.064862676804594732e-02,-9.469675061948451891e-03,-9.966976092816434152e-01
-9.896936437204568726e-01,1.179512609383305821e-01,-8.120339455450928390e-02
1.183405930375137499e-01,9.929730631657077700e-01,1.839218501213775393e-05
8.063495275865344147e-02,-9.591455770695664004e-03,-9.966975511557535361e-01
-9.895341180912812229e-01,1.192817436419595228e-01,-8.120402959268621657e-02
1.196759205694042927e-01,9.928130107631801815e-01,1.307654543290028308e-05
8.062197685615578313e-02,-9.705227838606410307e-03,-9.966974995077297894e-01
-9.893812282871434771e-01,1.205429371967619845e-01,-8.120458764100776938e-02
1.209416723403880650e-01,9.926596155283068379e-01,8.456556590535598342e-06
8.060953409302325234e-02,-9.812652403640778620e-03,-9.966974540963253748e-01
-9.892353570589477174e-01,1.217339078896514659e-01,-8.120507164077446494e-02
1.221369149247973629e-01,9.925132616131621122e-01,4.490752880943474021e-06
8.059765716988034900e-02,-9.913695045866486102e-03,-9.966974146917833011e-01
-9.890989254010461584e-01,1.228372278060786416e-01,-8.120548553197549924e-02
1.232441665337606906e-01,9.923763781465828604e-01,1.131696373416365796e-06
8.058654462239618621e-02,-1.000698355361615693e-02,-9.966973809810778517e-01
-9.889748479514399726e-01,1.238319915606074795e-01,-8.120583496075950425e-02
1.242424573442289654e-01,9.922518895329448529e-01,-1.679705145295663324e-06
8.057643517951892931e-02,-1.009087420326676247e-02,-9.966973525104432241e-01
-9.888585529873268332e-01,1.247570721632957624e-01,-8.120612524643831820e-02
1.251707935523858617e-01,9.921352089899929672e-01,-3.996937946292510138e-06
8.056695740488960256e-02,-1.016858807558524043e-02,-9.966973288511518092e-01
-9.887474344640245771e-01,1.256345399868145918e-01,-8.120635969591449843e-02
1.260513215060798109e-01,9.920237218956001746e-01,-5.854763122409173764e-06
8.055789964279520821e-02,-1.024195836727509294e-02,-9.966973097372303636e-01
-9.886401650712958178e-01,1.264757741362445287e-01,-8.120654050512919608e-02
1.268954600121294796e-01,9.919160965850499778e-01,-7.277602028230354577e-06
8.054915425728165213e-02,-1.031193677394399814e-02,-9.966972949923591507e-01
-9.885372454130871844e-01,1.272776135090011584e-01,-8.120666962859247884e-02
1.277000392560854181e-01,9.918128353632253980e-01,-8.287016752329514680e-06
8.054076253080871828e-02,-1.037828745501329433e-02,-9.966972844591904801e-01
-9.884410516927312207e-01,1.280224620291391946e-01,-8.120674979305415875e-02
1.284474070517701016e-01,9.917163223543046247e-01,-8.909827049045680473e-06
8.053291862852897387e-02,-1.043960381570200290e-02,-9.966972779168175034e-01
-9.883509634413182310e-01,1.287160865557701872e-01,-8.120678419936114278e-02
1.291433517894295113e-01,9.916259350587549593e-01,-9.175594902696490850e-06
8.052557230163551183e-02,-1.049638553846146335e-02,-9.966972751051516033e-01
-9.882669690022560793e-01,1.293594110147505971e-01,-8.120677583306525060e-02
1.297888026655177052e-01,9.915416618030664653e-01,-9.111272393426218116e-06
8.051872286439223925e-02,-1.054873510409326011e-02,-9.966972757812200268e-01
-9.881947020728096831e-01,1.299103446582230703e-01,-8.120672898462705236e-02
1.303415324200138392e-01,9.914691549995579001e-01,-8.752916418120712075e-06
8.051282990500058245e-02,-1.059325961512895715e-02,-9.966972795953265019e-01
-9.881425611641441176e-01,1.303064015959299327e-01,-8.120665126612151841e-02
1.307388530491382372e-01,9.914168410387542707e-01,-8.160648214646662262e-06
8.050857831419166999e-02,-1.062492886112023811e-02,-9.966972859267461127e-01
-9.881085065228286668e-01,1.305644476988779834e-01,-8.120655162880645317e-02
1.309976919651660576e-01,9.913826733885316989e-01,-7.403289947563145594e-06
8.050580166829970907e-02,-1.064518662036471539e-02,-9.966972940454861263e-01
-9.880918821979141065e-01,1.306902691460677668e-01,-8.120643803417881834e-02
1.311238594756089781e-01,9.913659939063003135e-01,-6.541136792737437462e-06
8.050444630873247742e-02,-1.065456534420695760e-02,-9.966973033022624717e-01
-9.880923836387041082e-01,1.306865525826471919e-01,-8.120631785500882771e-02
1.311200556703924769e-01,9.913664970125092291e-01,-5.629446917817057815e-06
8.050448718595434872e-02,-1.065333986225859217e-02,-9.966973130958686200e-01
-9.881096205006323352e-01,1.305562368119863870e-01,-8.120619796725007944e-02
1.309892333062656622e-01,9.913837910481541060e-01,-4.719497240131441331e-06
8.050589224277575340e-02,-1.064180152274032780e-02,-9.966973228657108885e-01
-9.881371390080035955e-01,1.303478660056372473e-01,-8.120608362989065188e-02
1.307801006355815698e-01,9.914114008162326908e-01,-3.850533222106359642e-06
8.050813521686528418e-02,-1.062394517486118378e-02,-9.966973321830971955e-01
-9.881687546067683403e-01,1.301080370389937346e-01,-8.120597753463841550e-02
1.305394105999594379e-01,9.914431212459385856e-01,-3.042801658829410627e-06
8.051071193242070878e-02,-1.060358777671416459e-02,-9.966973408286428082e-01
-9.882054669141520087e-01,1.298289631089943885e-01,-8.120588132846806584e-02
1.302593516273410357e-01,9.914799552656611281e-01,-2.308874766700018711e-06
8.051370381895488204e-02,-1.058010762345205739e-02,-9.966973486681451888e-01
-9.882460423377865677e-01,1.295197979472417493e-01,-8.120579659000000394e-02
1.299491087824616864e-01,9.915206651910170033e-01,-1.660943583388139583e-06
8.051701031551232457e-02,-1.055426284637002964e-02,-9.966973555729999878e-01
-9.882865104512962295e-01,1.292106934683511787e-01,-8.120572396374352298e-02
1.296389343230485713e-01,9.915612674349287836e-01,-1.104278740021721440e-06
8.052030787857489269e-02,-1.052851538997994635e-02,-9.966973614907382872e-01
-9.883274300641724519e-01,1.288973655483373060e-01,-8.120566349941148176e-02
1.293245299959776551e-01,9.916023226612667996e-01,-6.396982920404595236e-07
8.052364206978367134e-02,-1.050251702705000227e-02,-9.966973664173638392e-01
-9.883696222591097369e-01,1.285734710045388640e-01,-8.120561552776880965e-02
1.289995318440818606e-01,9.916446546758521663e-01,-2.701801673070077518e-07
8.052707981548004601e-02,-1.047575395467444104e-02,-9.966973703259824902e-01
-9.884129191292174710e-01,1.282402223560981380e-01,-8.120558054327603470e-02
1.286651567549219610e-01,9.916880950174319365e-01,6.528704930255428054e-20
8.053060745955679944e-02,-1.044832928059152150e-02,-9.966973731763671962e-01
