9.811598775641561243e-01,1.907851282261367465e-01,3.043566174780192035e-02
-1.912905775120598562e-01,9.814243136772536902e-01,1.463664846316304474e-02
-2.707784358830409022e-02,-2.018294752676538795e-02,9.994295568051503320e-01
9.812286662911058333e-01,1.903123946772632413e-01,3.116884471370030482e-02
-1.909883075846618428e-01,9.813814342457721773e-01,2.034568464813942684e-02
-2.671648956216737120e-02,-2.591665391331127860e-02,9.993070380196257263e-01
9.812893838461383966e-01,1.898841688757540169e-01,3.186138040392445109e-02
-1.907158083876084043e-01,9.813150608543812492e-01,2.546039614690874878e-02
-2.643152628833482162e-02,-3.106048536755558545e-02,9.991679641918778110e-01
9.813472836601176974e-01,1.894661693872422004e-01,3.255886224459791228e-02
-1.904513129785087577e-01,9.812258466114242017e-01,3.039959420156317094e-02
-2.618790250626836999e-02,-3.603343725763846067e-02,9.990073999540242111e-01
9.814029438435788455e-01,1.890558624759420270e-01,3.325872334723923435e-02
-1.901932842502107868e-01,9.811155329398468794e-01,3.519695515703413768e-02
-2.597645936781783557e-02,-4.086798122881512424e-02,9.988268276688742064e-01
9.814571754351830712e-01,1.886486762449297860e-01,3.396306431865053765e-02
-1.899388589394904459e-01,9.809844473492430605e-01,3.990919601856583732e-02
-2.578842088175554992e-02,-4.562007248102997042e-02,9.986259391476255409e-01
9.815113831820523327e-01,1.882351331359675417e-01,3.468341588515399393e-02
-1.896821342000248323e-01,9.808298985273724568e-01,4.464748732734463710e-02
-2.561430556159716154e-02,-5.040084138868940883e-02,9.984005521545495920e-01
9.815645247628408399e-01,1.878242468058529124e-01,3.539966156731104430e-02
-1.894286669476159535e-01,9.806555240175961474e-01,4.931047919335274782e-02
-2.545317004971307459e-02,-5.510712777631936177e-02,9.981559700812326907e-01
9.816177911842591808e-01,1.874078867633066636e-01,3.612196021346559399e-02
-1.891733467236450805e-01,9.804581624965167386e-01,5.399293000948582333e-02
-2.529736982279948143e-02,-5.983373279924723842e-02,9.978877529597952600e-01
9.816749698952077496e-01,1.869570497104177387e-01,3.689600310445498993e-02
-1.888984346112042578e-01,9.802215097819945155e-01,5.901841383409791447e-02
-2.513234733819065883e-02,-6.490649685365650068e-02,9.975748151356609306e-01
9.817347406856568037e-01,1.864826854641236653e-01,3.769757224633677600e-02
-1.886106760171058494e-01,9.799472579283491358e-01,6.426028775286204975e-02
-2.495820152359848332e-02,-7.019672151898477541e-02,9.972208925187340256e-01
9.817978612864353138e-01,1.859795615156981385e-01,3.853001780648287328e-02
-1.883068553241588339e-01,9.796286054059991644e-01,6.977337401042960074e-02
-2.476868610506881632e-02,-7.575881586685277724e-02,9.968184960261555760e-01
9.818691260063110438e-01,1.854100669689904834e-01,3.944776879058360664e-02
-1.879643094337679621e-01,9.792340369118137655e-01,7.596130163777574384e-02
-2.454460785510207202e-02,-8.199882946875559908e-02,9.963301431780683393e-01
9.819513664595798108e-01,1.847519715737472312e-01,4.047496643864883364e-02
-1.875698282176660181e-01,9.787341247820523504e-01,8.304861555041638532e-02
-2.427083539224322850e-02,-8.914158402426113070e-02,9.957232068012537018e-01
9.820453782656680675e-01,1.839992682723006201e-01,4.160702227702983008e-02
-1.871199087467651789e-01,9.781057623965219161e-01,9.107830331016678049e-02
-2.393772707941024813e-02,-9.722852903766500410e-02,9.949741697050351608e-01
9.821505158801998592e-01,1.831574246373744996e-01,4.282197983455856422e-02
-1.866177319692826908e-01,9.773330550318127807e-01,9.996960375294755563e-02
-2.354116120735679635e-02,-1.061765386533849026e-01,9.940685873653521964e-01
9.822652527637555364e-01,1.822387875531631951e-01,4.409078729875831604e-02
-1.860703632069143076e-01,9.764075983802074088e-01,1.095719935947122026e-01
-2.308231247303983366e-02,-1.158327507908194914e-01,9.930004938137095838e-01
9.823875971811834029e-01,1.812591533767172192e-01,4.538422878356205420e-02
-1.854867597179331862e-01,9.753284295187767405e-01,1.197042879846211966e-01
-2.256703068708657695e-02,-1.260141813847717451e-01,9.917717253664255495e-01
9.825151261706687178e-01,1.802374755378317595e-01,4.667418192270630234e-02
-1.848777068950910318e-01,9.741040874519569792e-01,1.301593651032373067e-01
-2.200591600381138213e-02,-1.365125607516826656e-01,9.903938915601266935e-01
9.826446542424239761e-01,1.791986270760098920e-01,4.793052830356035049e-02
-1.842575864223583715e-01,9.727583845679668162e-01,1.406778842656474515e-01
-2.141553956182396662e-02,-1.470679344048337334e-01,9.888945329803372486e-01
9.827745166427201973e-01,1.781552180305001343e-01,4.914232113770282406e-02
-1.836336191017051145e-01,9.713072296783964443e-01,1.511322584181713780e-01
-2.080729135229865412e-02,-1.575531144975044207e-01,9.872912806074566339e-01
9.829025650691890492e-01,1.771237622948815815e-01,5.029632602461478474e-02
-1.830155462974021319e-01,9.697773637288251702e-01,1.613603874522845649e-01
-2.019547954436055892e-02,-1.678065483114344336e-01,9.856130604736378364e-01
9.830261199566633357e-01,1.761253426873607142e-01,5.137617294912377036e-02
-1.824160233580363610e-01,9.682087309102048733e-01,1.711614671568171542e-01
-1.959698714996943592e-02,-1.776280301098578651e-01,9.839025566803079048e-01
9.831434651953487869e-01,1.751737591632634983e-01,5.237443025956686066e-02
-1.818434463548056768e-01,9.666354512856548675e-01,1.804130410059846534e-01
-1.902335043230126213e-02,-1.868958492001810412e-01,9.821955272347013821e-01
9.832542790708811431e-01,1.742719819859971098e-01,5.329445547357384433e-02
-1.812997041309987178e-01,9.650756712455001995e-01,1.891014703356919124e-01
-1.847809435543804404e-02,-1.955970988951933054e-01,9.805102421515975442e-01
9.833605103261817693e-01,1.734047594208624199e-01,5.415621979055550844e-02
-1.807756080906611496e-01,9.635135613134762078e-01,1.973874279611095017e-01
-1.795233273673397384e-02,-2.038931254561754391e-01,9.788285381894048509e-01
9.834640621393673232e-01,1.725572369847867826e-01,5.497670820735398728e-02
-1.802620586264105651e-01,9.619287425938082281e-01,2.054231837593222254e-01
-1.743641879296003658e-02,-2.119365333553330788e-01,9.771278714495447160e-01
9.835675413040257942e-01,1.717087585113539761e-01,5.577628478551276830e-02
-1.797462747711622566e-01,9.602847784856236579e-01,2.134113889893259619e-01
-1.691651262158990962e-02,-2.199300945650971006e-01,9.753689482146387091e-01
9.836725613580621363e-01,1.708467019203123438e-01,5.656585962467251816e-02
-1.792201931899935485e-01,9.585557891609816084e-01,2.214744261896242628e-01
-1.638335693491593456e-02,-2.279960603749542070e-01,9.735242072524634693e-01
9.837796965743672573e-01,1.699668775643836671e-01,5.734779106417817879e-02
-1.786807980274968677e-01,9.567301320007671750e-01,2.296532755625277367e-01
-1.583290954188691646e-02,-2.361751788224725757e-01,9.715814962845603642e-01
9.838894665986396282e-01,1.690653976297165628e-01,5.812408142460659399e-02
-1.781252336039413631e-01,9.547956683195272243e-01,2.379845225046052504e-01
-1.526167323909934960e-02,-2.445038304873492496e-01,9.695282142605682330e-01
9.840026443006236745e-01,1.681360635435295570e-01,5.889872788433138384e-02
-1.775492205356389575e-01,9.527340979596616855e-01,2.465238587103889822e-01
-1.466527520541461606e-02,-2.530375520803996303e-01,9.673452987335968700e-01
9.841196364685487197e-01,1.671753966527715629e-01,5.967351063870538624e-02
-1.769501860603100996e-01,9.505319154261528958e-01,2.552992547033929305e-01
-1.404182219400682170e-02,-2.618042485395564722e-01,9.650188406031845467e-01
9.842408970039768779e-01,1.661792275070897440e-01,6.045098023128055859e-02
-1.763251829133278270e-01,9.481732650680058105e-01,2.643423714139413461e-01
-1.338979221998981388e-02,-2.708356029029495571e-01,9.625324876121341688e-01
9.843654961181893537e-01,1.651544916064019430e-01,6.122551719023760358e-02
-1.756783447226698824e-01,9.456689632608810125e-01,2.735824028802701369e-01
-1.271570870265760489e-02,-2.800610752549688720e-01,9.598979658926208858e-01
9.844932547807849765e-01,1.641017709046524720e-01,6.199709733611872414e-02
-1.750099705677675421e-01,9.430160888656153872e-01,2.830055942712527695e-01
-1.202254105140672207e-02,-2.894672088051049585e-01,9.571124247339167779e-01
9.846259550878180278e-01,1.630051822785924531e-01,6.277769602936697502e-02
-1.743099756101492981e-01,9.401691229364627089e-01,2.927422974685239265e-01
-1.130313985262648355e-02,-2.991844429030292574e-01,9.541283499625157205e-01
9.847610169012646075e-01,1.618845280502049511e-01,6.355422228772701632e-02
-1.735912300508365980e-01,9.371752913859909828e-01,3.026029710916517956e-01
-1.057470762571449847e-02,-3.090240651511458325e-01,9.509954273102539934e-01
9.848951039369896465e-01,1.607659940276279509e-01,6.431119192114760630e-02
-1.728711666411560655e-01,9.341064334928524948e-01,3.123471317312062068e-01
-9.858701000799776140e-03,-3.187467115460508316e-01,9.477886578467442646e-01
9.850265839160842196e-01,1.596618688219886562e-01,6.504395916575186898e-02
-1.721586276667427529e-01,9.310029925184949429e-01,3.218615150830018146e-01
-9.167109624599696291e-03,-3.282400274439806198e-01,9.445498655630529816e-01
9.851564632908612618e-01,1.585623509034643497e-01,6.576263158736604664e-02
-1.714483290257594328e-01,9.278448393728475629e-01,3.312241304222953153e-01
-8.497841542229392364e-03,-3.375824861811365096e-01,9.412575905478324234e-01
9.852851964606235136e-01,1.574620241445933155e-01,6.647399934510936359e-02
-1.707378924015774679e-01,9.246228801181561874e-01,3.404718809406145352e-01
-7.851989186226183970e-03,-3.468115346493045315e-01,9.379019702247433088e-01
9.854131282656203306e-01,1.563561522063738884e-01,6.718422664646307718e-02
-1.700255031741901568e-01,9.213294855301316089e-01,3.496331040024858172e-01
-7.231522142115025253e-03,-3.559560827009669581e-01,9.344747039526737353e-01
9.855413876937986206e-01,1.552327944961914286e-01,6.790399588088871785e-02
-1.693048930842846189e-01,9.179348994605392997e-01,3.587915461400349448e-01
-6.635233278945796079e-03,-3.651003970379878560e-01,9.309445063020622690e-01
9.856703459263034262e-01,1.540859786582827184e-01,6.864022394740713906e-02
-1.685739207913248550e-01,9.144268114320406315e-01,3.679761402792886549e-01
-6.066497418354946727e-03,-3.742741211562465309e-01,9.272982691097032548e-01
9.857984582859407041e-01,1.529265287494406822e-01,6.938931075330739828e-02
-1.678414020552048136e-01,9.108458002361162764e-01,3.770798217883480907e-01
-5.537454069362352481e-03,-3.833711061738963588e-01,9.235777886055311914e-01
9.859249639281560951e-01,1.517585668273111477e-01,7.015199853811676656e-02
-1.671119413150719546e-01,9.072140154654632083e-01,3.860522364452079191e-01
-5.056142159287288669e-03,-3.923417739541900096e-01,9.198056141864120461e-01
9.860504410572207279e-01,1.505739045404448639e-01,7.093678145649166822e-02
-1.663824988560581308e-01,9.035157631577488413e-01,3.949381342070796830e-01
-4.625123310162746262e-03,-4.012315603844737177e-01,9.159649792636060939e-01
9.861753532528420019e-01,1.493650910968221668e-01,7.175125224941854285e-02
-1.656506293376480143e-01,8.997369596956368287e-01,4.037737886592693282e-01
-4.247544823709733901e-03,-4.100773987559063749e-01,9.120408354035520748e-01
9.863002213488213377e-01,1.481239845507344166e-01,7.260274491472647196e-02
-1.649134905449953226e-01,8.958601617717731891e-01,4.125992138096780115e-01
-3.926067228508962718e-03,-4.189198679956066540e-01,9.080147191785938876e-01
9.864258446757974141e-01,1.468396997211222355e-01,7.349935742917190762e-02
-1.641665122775495533e-01,8.918572005533819125e-01,4.214737122486222343e-01
-3.661857808503274012e-03,-4.278186957770194199e-01,9.038571537529733746e-01
9.865534110025337977e-01,1.454974513964628346e-01,7.445037862511381943e-02
-1.634026800204046170e-01,8.876843629628193844e-01,4.304834909276483157e-01
-3.454186120213185475e-03,-4.368603477505714761e-01,8.995227096687182788e-01
9.866857391047040293e-01,1.440648597227885408e-01,7.547561487955394000e-02
-1.626049468350301841e-01,8.832382918267830396e-01,4.398292295450623168e-01
-3.299016900756477320e-03,-4.462459367781022035e-01,8.949042856325284401e-01
9.868226954657037808e-01,1.425412774469869970e-01,7.656991536194202030e-02
-1.617737986706979103e-01,8.785082662661444219e-01,4.495024629640744229e-01
-3.194648302755710278e-03,-4.559662381924291519e-01,8.899913392254605871e-01
9.869611668120183978e-01,1.409620521760430456e-01,7.770041861074673817e-02
-1.609279835181690599e-01,8.735906221013961526e-01,4.592838002158748378e-01
-3.136770018628365006e-03,-4.657994470442209378e-01,8.848847585143404526e-01
9.870997575312242533e-01,1.393467238783666351e-01,7.884515981989694000e-02
-1.600761158145234120e-01,8.685302488509113461e-01,4.690744546641284485e-01
-3.115417763277100478e-03,-4.756445073975598681e-01,8.796320803590400583e-01
9.872367093459317733e-01,1.377213726971297791e-01,7.997814215799983750e-02
-1.592292517359779336e-01,8.633918434006772058e-01,4.787489636340672150e-01
-3.118511137364238066e-03,-4.853734111916919725e-01,8.743013934774703788e-01
9.873713363254177366e-01,1.361009544932559323e-01,8.108251593125810619e-02
-1.583920025795964304e-01,8.582060062359909702e-01,4.882565149768048340e-01
-3.133324443993524937e-03,-4.949333097345573473e-01,8.689253139547723492e-01
9.875017844148528123e-01,1.345152793019503967e-01,8.213321747324310584e-02
-1.575763877728982576e-01,8.530535218342878423e-01,4.974629342358949935e-01
-3.147664881121827948e-03,-5.041877909635752442e-01,8.635883068252675487e-01
9.876286802160642031e-01,1.329639876130281340e-01,8.312742034595506369e-02
-1.567790125788185718e-01,8.479213008431509824e-01,5.064087369164050889e-01
-3.151385370243604909e-03,-5.131764273704846335e-01,8.582773579652013263e-01
9.877521670773853346e-01,1.314516067651291253e-01,8.406028499475814986e-02
-1.559994198786534836e-01,8.428143312709893697e-01,5.151001689319288923e-01
-3.136468030615285375e-03,-5.219046638182528453e-01,8.529980565541619431e-01
9.878733178589511610e-01,1.299700774508222023e-01,8.493578062472086077e-02
-1.552311713372402924e-01,8.376973964861001987e-01,5.236089718440083418e-01
-3.096983670889406296e-03,-5.304440129908782886e-01,8.477143137899086911e-01
9.879957674814116020e-01,1.284788267168467946e-01,8.577618856528691771e-02
-1.544512858842995162e-01,8.324198586104699649e-01,5.321860382491945263e-01
-3.027164966034333847e-03,-5.390457959248824427e-01,8.422710170698474164e-01
9.881155476408185478e-01,1.270293522163440658e-01,8.655176593487158565e-02
-1.536850742109145129e-01,8.271560762404012168e-01,5.405494644609577515e-01
-2.926170788876596065e-03,-5.474270446734025297e-01,8.368482946809610024e-01
9.882326317724033915e-01,1.256243408814469997e-01,8.726276685225961560e-02
-1.529328733205338464e-01,8.219155646175645424e-01,5.486951256580339109e-01
-2.793162779852014638e-03,-5.555837737381811303e-01,8.314558729266352533e-01
9.883475655220361755e-01,1.242589687171727214e-01,8.791358495926025751e-02
-1.521912812144691207e-01,8.166812898149362621e-01,5.566592178433872329e-01
-2.627479618857109494e-03,-5.635524639118681955e-01,8.260760962473718827e-01
9.884606188283342476e-01,1.229311858390120804e-01,8.850722328749104084e-02
-1.514585867472386937e-01,8.114470377443883109e-01,5.644590343468991467e-01
-2.429305704169940332e-03,-5.713507053496870158e-01,8.207024247495106062e-01
9.885704658749613349e-01,1.216568394075554366e-01,8.903958347515952831e-02
-1.507434289157507656e-01,8.062810630054840777e-01,5.720028549709049726e-01
-2.202870544583030582e-03,-5.788872609425456117e-01,8.154046152047793594e-01
9.886740469160947287e-01,1.204702763738296212e-01,8.950162828257521297e-02
-1.500659591758700673e-01,8.013382855081920830e-01,5.790830338481415263e-01
-1.958788225756701029e-03,-5.859555142710062281e-01,8.103408532583574742e-01
9.887758529847640032e-01,1.193181788540363386e-01,8.991932355973823732e-02
-1.493969600760575722e-01,7.964132156695741260e-01,5.860089916035455815e-01
-1.691411955668728267e-03,-5.928652141213587301e-01,8.052999298545797657e-01
9.888808140763170051e-01,1.181434269823229966e-01,9.031537085586512081e-02
-1.487037352621033703e-01,7.912662916507811062e-01,5.931145376971248551e-01
-1.390924498618999368e-03,-5.999498198761950007e-01,8.000364235276689051e-01
9.890021426151978101e-01,1.167980731559295215e-01,9.073572620419911861e-02
-1.478976749244442779e-01,7.852292073386603066e-01,6.012831027935613415e-01
-1.019634536165135242e-03,-6.080898799192477888e-01,7.938675319573454958e-01
9.891286867297889307e-01,1.153758767945414071e-01,9.117482186591452376e-02
-1.470510367919906913e-01,7.788289040052498446e-01,6.097553040971833704e-01
-6.585337454627733164e-04,-6.165338152528018201e-01,7.873281533092968409e-01
9.892517655985900715e-01,1.139746155339979444e-01,9.160093489768918185e-02
-1.462218673188262763e-01,7.725012165780389406e-01,6.179490560822739065e-01
-3.313275607123177435e-04,-6.247012545281904750e-01,7.808637735371720678e-01
9.893433051967407410e-01,1.129203292591893781e-01,9.191748311697153784e-02
-1.456015579365493029e-01,7.677286484149939971e-01,6.240135485216125044e-01
-1.038697170228036575e-04,-6.307469553252889050e-01,7.759885743799256330e-01
9.894211622319755151e-01,1.120145319306665027e-01,9.218735468623827367e-02
-1.450715606162604754e-01,7.636243725508424784e-01,6.291518576268896323e-01
7.763996676477432073e-05,-6.358699256069572092e-01,7.717962371567635982e-01
9.894991628223458457e-01,1.110984301822883769e-01,9.245834513479853078e-02
-1.445383863208678787e-01,7.594705382201916155e-01,6.342816065939735903e-01
2.483016443542358006e-04,-6.409848987259711972e-01,7.675534495784112066e-01
9.895883497361727121e-01,1.100409777875970968e-01,9.276788924049846063e-02
-1.439260655697270908e-01,7.546689119127543144e-01,6.401250823469125661e-01
4.309479349452969557e-04,-6.468120411739500808e-01,7.626493281213172493e-01
9.896913109000476938e-01,1.088082070684576880e-01,9.312294670828523413e-02
-1.432156256617265477e-01,7.490557707011722410e-01,6.468421267609704151e-01
6.274514533220383345e-04,-6.535106934556781377e-01,7.569170230948970568e-01
9.897681477815435391e-01,1.078798670737322885e-01,9.338601564141778277e-02
-1.426829683905037061e-01,7.448174622470272732e-01,6.518347324818624111e-01
7.643091153919540385e-04,-6.584898497460819344e-01,7.525892197072128198e-01
9.898302379323735689e-01,1.071238848044056557e-01,9.359793469557133039e-02
-1.422509987110292806e-01,7.413614251119295950e-01,6.558566083586615525e-01
8.680095091458198955e-04,-6.625011023888633943e-01,7.490604354116282559e-01
9.898849253992366704e-01,1.064533789825285320e-01,9.378439406779577603e-02
-1.418693932565468774e-01,7.382941554886504054e-01,6.593897293966656248e-01
9.537947448769413736e-04,-6.660250881761308195e-01,7.459287313149088883e-01
9.899426192803910673e-01,1.057412230069346010e-01,9.398087193350097845e-02
-1.414656556760331696e-01,7.350344012155283213e-01,6.631077569285891427e-01
1.038651276144155963e-03,-6.697336954280720400e-01,7.426006318451302546e-01
9.900136904129477333e-01,1.048576868794200978e-01,9.422185679198331887e-02
-1.409666700761638136e-01,7.309847463519356658e-01,6.676748449154934484e-01
1.136099737962373941e-03,-6.742893786110041310e-01,7.384663453227094942e-01
9.900812733960872025e-01,1.040114497159867757e-01,9.444940655423876563e-02
-1.404904923743221512e-01,7.270985628271373624e-01,6.720045397846289292e-01
1.222138633666877000e-03,-6.786083541091523230e-01,7.344992907515007774e-01
9.901487645992160802e-01,1.031605041104210474e-01,9.467488766514525755e-02
-1.400133183335536824e-01,7.231829409477642523e-01,6.763155362809046833e-01
1.301787965237742161e-03,-6.829087379126181911e-01,7.305025400600982932e-01
9.902487792704867120e-01,1.018897073583158869e-01,9.500443509551236010e-02
-1.393031484792066066e-01,7.173156930165361933e-01,6.826806203336176493e-01
1.409956425136215915e-03,-6.892580678452504550e-01,7.245145463938074126e-01
9.903982027153686030e-01,9.997206423724087909e-02,9.548291171919194575e-02
-1.382352518180149925e-01,7.084033748026135058e-01,6.921384787206540379e-01
1.554095558168411360e-03,-6.986918097008814055e-01,7.154210926765940393e-01
9.905373061222859654e-01,9.816737814752782287e-02,9.591147505747187052e-02
-1.372335654990848031e-01,6.999457540966572688e-01,7.008872161943822121e-01
1.671430655559425112e-03,-7.074172087191241687e-01,7.067942410135006348e-01
9.906771843779049735e-01,9.633363392809195236e-02,9.632521646652308922e-02
-1.362188366130748507e-01,6.912813948668004027e-01,7.096298060711879740e-01
1.773387962929931505e-03,-7.161353671527974640e-01,6.979591614198519256e-01
9.908223312634748536e-01,9.441050783267276869e-02,9.673553576855971337e-02
-1.351578312476644783e-01,6.821178897023587595e-01,7.186428495448192733e-01
1.862396858367885120e-03,-7.251219487508682171e-01,6.886179571570537616e-01
9.909737060569915323e-01,9.238238200011601731e-02,9.714221224416275113e-02
-1.340423904762191865e-01,6.723695429895722997e-01,7.279779084673846379e-01
1.936868376247572170e-03,-7.344281402268837411e-01,6.786836931773922998e-01
9.910838738946650128e-01,9.089122734606089327e-02,9.742453334503686779e-02
-1.332247723285155949e-01,6.651492566330330369e-01,7.347296281213782088e-01
1.978621735343259226e-03,-7.411580473778144329e-01,6.713276650518498201e-01
9.911503949839460814e-01,8.998403642457734886e-02,9.758979307248434598e-02
-1.327286803370487378e-01,6.607374354789763427e-01,7.387889676851184806e-01
1.997983774743549313e-03,-7.452039415797525601e-01,6.668336325616915916e-01
9.912303037287608642e-01,8.888702459403290124e-02,9.778334126336264698e-02
-1.321303340541367111e-01,6.553850797749075641e-01,7.436477472779752240e-01
2.014892687162174283e-03,-7.500463279476038414e-01,6.613822239372576517e-01
9.912722975339748333e-01,8.830765350682664994e-02,9.788253405920173400e-02
-1.318148165880012324e-01,6.525489433873759015e-01,7.461934940833034879e-01
2.021452348253576121e-03,-7.525833075590334653e-01,6.584939475152811195e-01
9.912644725222393705e-01,8.841565385414096312e-02,9.786428188448281773e-02
-1.318736679385831001e-01,6.530786704498156015e-01,7.457195088692147866e-01
2.020202870912625893e-03,-7.521109774210589238e-01,6.590333803558863224e-01
9.912823338468733647e-01,8.816919777459733543e-02,9.790570548692005548e-02
-1.317392927972311500e-01,6.518686641774297241e-01,7.468011806343960446e-01
2.023199542636494163e-03,-7.531888456605171367e-01,6.578012385487621572e-01
9.913374480567254121e-01,8.740748616045981856e-02,9.803058422501749469e-02
-1.313237792134786530e-01,6.481162542376063262e-01,7.501329122269917438e-01
2.032017095425163542e-03,-7.565085937093921631e-01,6.539805949341254143e-01
9.914110614441510316e-01,8.638712325719465068e-02,9.819048926213561068e-02
-1.307667191303581444e-01,6.430599607253925099e-01,7.545687192560797119e-01
2.042648787961894724e-03,-7.609278230208300631e-01,6.488333189184402050e-01
