-9.884129193032570315e-01,1.282402224073848906e-01,-8.120558054294953199e-02
1.286651554013960030e-01,9.916880950104900450e-01,-2.294313982395076975e-18
8.053060747285853416e-02,-1.044832864001918327e-02,-9.966973731723599572e-01
-9.874520375722308785e-01,1.354397882820489174e-01,-8.120675615097475153e-02
1.358893040430853572e-01,9.907240266434277354e-01,-8.838514505476706491e-06
8.045228735801107645e-02,-1.104385718611004298e-02,-9.966972773502077443e-01
-9.866068107807233201e-01,1.414438232769888448e-01,-8.124435843724826800e-02
1.419353683148527612e-01,9.898758882003072523e-01,-2.778146542324171899e-04
8.038253630247756132e-02,-1.180554176829513510e-02,-9.966941742787192027e-01
-9.858922641742955406e-01,1.463027245024896561e-01,-8.131393634816740101e-02
1.468498054326573543e-01,9.891585123619456299e-01,-7.563506446392956458e-04
8.032171615245600749e-02,-1.268661598124497594e-02,-9.966882520072507523e-01
-9.853156197616474987e-01,1.500850364075740628e-01,-8.141014249014338899e-02
1.506976405528343832e-01,9.885789123008558166e-01,-1.398315369781591867e-03
8.027048389997888667e-02,-1.364609836553321368e-02,-9.966797045259131460e-01
-9.848792079858030846e-01,1.528602696117861148e-01,-8.152719577836119169e-02
1.535452274567159769e-01,9.881392556215728984e-01,-2.162088093233634732e-03
8.022972518048565593e-02,-1.464750742855610438e-02,-9.966687723228786489e-01
-9.845841621740820671e-01,1.546796957702974984e-01,-8.165916551368909704e-02
1.554409309325278099e-01,9.878406029502977415e-01,-3.010008911023705474e-03
8.020065203483528471e-02,-1.565678380841790257e-02,-9.966557683242311949e-01
-9.844261075668830907e-01,1.556083570267899063e-01,-8.180023205453398893e-02
1.564472214002133321e-01,9.876785880791753014e-01,-3.908141005188845406e-03
8.018419829932246778e-02,-1.664469505238493074e-02,-9.966410830733940518e-01
-9.843998748839116741e-01,1.556981648481892411e-01,-8.194490705042069278e-02
1.566136750927093757e-01,9.876481484344474815e-01,-4.826144218747678918e-03
8.018131392382826794e-02,-1.758454881340354783e-02,-9.966251755502053555e-01
-9.845024878587524952e-01,1.549722565568341093e-01,-8.208806915557828598e-02
1.559612115502123642e-01,9.877465230308861699e-01,-5.736438988392830209e-03
8.019321599611077545e-02,-1.845009317484395256e-02,-9.966085701869323854e-01
-9.847238923879709782e-01,1.534857871352416081e-01,-8.222511117577441242e-02
1.545430892252204758e-01,9.879639091619877300e-01,-6.614209416147669510e-03
8.022025512998690044e-02,-1.922049273432900260e-02,-9.965918338647629104e-01
-9.850497741249641948e-01,1.513111373478921440e-01,-8.235218400857835519e-02
1.524301288052420378e-01,9.882862591837456856e-01,-7.438127530326832902e-03
8.026206033310563648e-02,-1.987987985948107272e-02,-9.965755325352215754e-01
-9.854629475046415843e-01,1.485331054930126848e-01,-8.246633051270586823e-02
1.497059254034210640e-01,9.886966408979238619e-01,-8.190737234062965208e-03
8.031758832745090892e-02,-2.041736638094388684e-02,-9.965601919379144524e-01
-9.859391940661623721e-01,1.452818704457944365e-01,-8.256563282701744055e-02
1.464999871754099903e-01,9.891710004769888043e-01,-8.859208381832668275e-03
8.038444726415273911e-02,-2.083050492233492687e-02,-9.965462511608396134e-01
-9.864484817874179523e-01,1.417338351292321552e-01,-8.264933610783321838e-02
1.429886665007640001e-01,9.896793406803087167e-01,-9.436306647145044357e-03
8.045889653633241101e-02,-2.112634872298802327e-02,-9.965340151534206603e-01
-9.869599528153876200e-01,1.380862697478699996e-01,-8.271779521960297143e-02
1.393697479339154610e-01,9.901907156073037619e-01,-9.920689803022695111e-03
8.053648179375777483e-02,-2.131968180929121395e-02,-9.965236305616858026e-01
-9.874472309430251116e-01,1.345240618058865523e-01,-8.277223506974051848e-02
1.358290373689736430e-01,9.906785791861253410e-01,-1.031626625436285818e-02
8.061289419577145898e-02,-2.142964155694114178e-02,-9.965150935897220119e-01
-9.878909618080169430e-01,1.311991561620663438e-01,-8.281442507589088786e-02
1.325196288078459572e-01,9.911233684089937324e-01,-1.063092538351231159e-02
8.068454349456362362e-02,-2.147673197301755085e-02,-9.965082811622008041e-01
-9.882792960237881674e-01,1.282205585521744018e-01,-8.284637237420094946e-02
1.295517527955484527e-01,9.915130235499918232e-01,-1.087508522435374526e-02
8.074884766115598966e-02,-2.148051432355132379e-02,-9.965029910169875826e-01
-9.886079675995211868e-01,1.256456812292320036e-01,-8.287007413697235203e-02
1.269839722825147343e-01,9.918431032595721453e-01,-1.106025768544848485e-02
8.080443788793983950e-02,-2.145743006879513234e-02,-9.964989821933931680e-01
-9.888775052819888112e-01,1.234947962872495891e-01,-8.288736235114227413e-02
1.248375880247589165e-01,9.921139969985750540e-01,-1.119792730699946740e-02
8.085082661127725168e-02,-2.142083681332303258e-02,-9.964960068091099910e-01
-9.890932919151932401e-01,1.217459648649779069e-01,-8.289981862317420680e-02
1.230914806319681615e-01,9.923310064156657395e-01,-1.129872126424272608e-02
8.088848672398826767e-02,-2.137975082812756597e-02,-9.964938328810880597e-01
-9.892662044353190964e-01,1.203267374098642706e-01,-8.290870296132714368e-02
1.216737123564222006e-01,9.925050101569229399e-01,-1.137156695969841237e-02
8.091899952326371548e-02,-2.133731656066083573e-02,-9.964922651170732282e-01
-9.894113486675446545e-01,1.191230489752153759e-01,-8.291491018514440814e-02
1.204703954612993538e-01,9.926511966705696688e-01,-1.142302789049546088e-02
8.094483890630349565e-02,-2.129086545064184932e-02,-9.964911600725849805e-01
-9.895452837809752822e-01,1.180024313839686118e-01,-8.291898175077154487e-02
1.193489647713515400e-01,9.927862604990036477e-01,-1.145711886583738667e-02
8.096885793394030528e-02,-2.123363257125386594e-02,-9.964904299052314007e-01
-9.896820645714247133e-01,1.168481444079787906e-01,-8.292118073402229839e-02
1.181924546287185240e-01,9.929243937528406949e-01,-1.147571172835475106e-02
8.099354748840871532e-02,-2.115796396740760379e-02,-9.964900329787582667e-01
-9.898313605827202544e-01,1.155763191121785410e-01,-8.292160193634416643e-02
1.169167634252395727e-01,9.930753726955646732e-01,-1.147931078027105388e-02
8.102066426154662382e-02,-2.105750712461829099e-02,-9.964899564753895156e-01
-9.899964621676673460e-01,1.141544180286056670e-01,-8.292028545701279896e-02
1.154892477266624695e-01,9.932425284311710012e-01,-1.146792812204566921e-02
8.105083932481593756e-02,-2.092960965792611469e-02,-9.964901970839039613e-01
-9.901750592377942528e-01,1.125969459317762156e-01,-8.291730718282898371e-02
1.139244821172619715e-01,9.934235233801487208e-01,-1.144183418323334485e-02
8.108368786589090216e-02,-2.077573011953110643e-02,-9.964907448642329468e-01
-9.903609673512395739e-01,1.109532257071654815e-01,-8.291282200261243518e-02
1.122720296066352930e-01,9.936120905595906549e-01,-1.140196745996898200e-02
8.111809733513609955e-02,-2.060085433000651695e-02,-9.964915750198826139e-01
-9.905459838951089502e-01,1.092935150040747622e-01,-8.290706464126303132e-02
1.106025197727337483e-01,9.937999093218405910e-01,-1.135001550372248015e-02
8.115255023288736602e-02,-2.041244253064141215e-02,-9.964926471282344878e-01
-9.907215361347888605e-01,1.076957486672070474e-01,-8.290032302593264291e-02
1.089943346197141671e-01,9.939782745436418487e-01,-1.128825744410963394e-02
8.118542270384432324e-02,-2.021918530328139715e-02,-9.964939095077663955e-01
-9.908802591806339377e-01,1.062312540456087917e-01,-8.289289855022309583e-02
1.075192513618529466e-01,9.941396978417831320e-01,-1.121925851732836002e-02
8.121528521619604535e-02,-2.002952418279604560e-02,-9.964953063653958498e-01
-9.910167084859183850e-01,1.049568914784091284e-01,-8.288506761139265155e-02
1.062345282096263110e-01,9.942786341060343425e-01,-1.114552718979267866e-02
8.124105192471567372e-02,-1.985065972328501488e-02,-9.964967851381741903e-01
-9.911278837499702954e-01,1.039081896534043148e-01,-8.287705458245932244e-02
1.051759932763992322e-01,9.943920165246472598e-01,-1.106923260106720992e-02
8.126209750944643484e-02,-1.968770161816143713e-02,-9.964983020122810675e-01
-9.912111643776922998e-01,1.031171807943545154e-01,-8.286902097916229448e-02
1.043759257584680189e-01,9.944771696000878070e-01,-1.099205468795757916e-02
8.127787974032794904e-02,-1.954497810754857179e-02,-9.964998244333471700e-01
-9.912616146188557575e-01,1.026374951902704197e-01,-8.286106422371516955e-02
1.038882292110823446e-01,9.945290823304542283e-01,-1.091513766892128305e-02
8.128743577334104908e-02,-1.942804622222633892e-02,-9.965013315622721635e-01
-9.912749556946094387e-01,1.025149145700496867e-01,-8.285321057960659541e-02
1.037588796853305684e-01,9.945434184282148093e-01,-1.083899199973424425e-02
8.128995693871685080e-02,-1.934117762238024910e-02,-9.965028157256159425e-01
-9.912487244398674457e-01,1.027745368946220150e-01,-8.284540338750771837e-02
1.040130357966365243e-01,9.945176915124382955e-01,-1.076334767378466471e-02
8.128502125675328427e-02,-1.928615656047011004e-02,-9.965042847295813022e-01
-9.911814886368175426e-01,1.034272987543971983e-01,-8.283749426486561318e-02
1.046615745029424727e-01,9.944504721733682384e-01,-1.068705837652024829e-02
8.127245170584292133e-02,-1.926271700842375686e-02,-9.965057633185949726e-01
-9.910709000119301004e-01,1.044882265349048461e-01,-8.282923194830989211e-02
1.057193961297306639e-01,9.943394184390088597e-01,-1.060802622336852290e-02
8.125195647812068211e-02,-1.926996248000520384e-02,-9.965072945616094691e-01
-9.909134542024745640e-01,1.059779858988555562e-01,-8.282024381368049970e-02
1.072069708275304872e-01,9.941810346568142887e-01,-1.052310480373932176e-02
8.122309823271682550e-02,-1.930639359246663980e-02,-9.965089419969764828e-01
-9.907040028359289652e-01,1.079262767131627665e-01,-8.281000881364783406e-02
1.091537342244862652e-01,9.939701804620948433e-01,-1.042797473245701649e-02
8.118522691804222480e-02,-1.937005800208579237e-02,-9.965107926075185141e-01
-9.904349566531631677e-01,1.103771651586359787e-01,-8.279781428880213234e-02
1.116034201909660989e-01,9.936992690426685870e-01,-1.031694265583246728e-02
8.113737265366476048e-02,-1.945877991108577176e-02,-9.965129616032277760e-01
-9.900970576458679728e-01,1.133791942447203022e-01,-8.278269597822184023e-02
1.146041171831110594e-01,9.933590535386983555e-01,-1.018268517622137811e-02
8.107843588578696192e-02,-1.956908442252938349e-02,-9.965155985578867393e-01
-9.896819500716581564e-01,1.169609348373870927e-01,-8.276338214651829395e-02
1.181837291899139886e-01,9.929412284642168407e-01,-1.001613551980270328e-02
8.100767776656885022e-02,-1.969407367586224061e-02,-9.965188907416272501e-01
-9.891835833704157865e-01,1.211206806163005190e-01,-8.273825667435073805e-02
1.223396477943168165e-01,9.924398424759108828e-01,-9.806612257185825729e-03
8.092495886949785389e-02,-1.982270903393958464e-02,-9.965230610670945399e-01
-9.886000975370591304e-01,1.258160256559306411e-01,-8.270534951176970739e-02
1.270283264897796582e-01,9.918531902582435889e-01,-9.542182337382751692e-03
8.083100530690009999e-02,-1.993932452968182056e-02,-9.965283598164094148e-01
-9.879375188030817823e-01,1.309442127717165283e-01,-8.266239824010601644e-02
1.321456320786294214e-01,9.911875198073636373e-01,-9.210456051491733298e-03
8.072788157600677139e-02,-2.002282996312612987e-02,-9.965350447508237730e-01
-9.872140653450295344e-01,1.363248512119107358e-01,-8.260704647300617931e-02
1.375096300548878936e-01,9.904613373026602829e-01,-8.800054022996245395e-03
8.061941966492881806e-02,-2.004680150772428920e-02,-9.965433432230677013e-01
-9.864631353356118071e-01,1.416971780860908636e-01,-8.253721794612030316e-02
1.428580150687378536e-01,9.897083674101716522e-01,-8.302710939015155167e-03
8.051130451349672312e-02,-1.998142138976083740e-02,-9.965533967855358943e-01
-9.857321467261281889e-01,1.467442151848561416e-01,-8.245162351650338339e-02
1.478725379837386167e-01,9.889763308350519866e-01,-7.715540054072210149e-03
8.041049322676180333e-02,-1.979778669091297044e-02,-9.965652011891552586e-01
-9.850750663617093839e-01,1.511474552660348469e-01,-8.235023010972350455e-02
1.522339965961199415e-01,9.883193881953534765e-01,-7.042527784661589858e-03
8.032386888646646239e-02,-1.947392317503864045e-02,-9.965785681035368437e-01
-9.845401530822971425e-01,1.546550264303915567e-01,-8.223448041164385658e-02
1.556906229346877168e-01,9.877858110822543836e-01,-6.294549616112805716e-03
8.025656919505583242e-02,-1.900037432462634360e-02,-9.965931310603034499e-01
-9.841593934626982065e-01,1.571263891769548449e-01,-8.210716219329824983e-02
1.581028058944833337e-01,9.874074057895925183e-01,-5.487965038968037161e-03
8.021091588747754353e-02,-1.838240507088426817e-02,-9.966083965913197229e-01
-9.839498490893615612e-01,1.585032365291089151e-01,-8.197205918434388727e-02
1.594137350208416626e-01,9.872009450854503099e-01,-4.642748025124624964e-03
8.018700370895519292e-02,-1.763570334060202138e-02,-9.966238138856036155e-01
-9.839152412542192527e-01,1.587893763443229134e-01,-8.183356272296744838e-02
1.596290841821101925e-01,9.871698232469581225e-01,-3.780946162190555130e-03
8.018324956575169360e-02,-1.678314722816248369e-02,-9.966388375225118113e-01
-9.840487259004188081e-01,1.580310713029869640e-01,-8.169630075273587311e-02
1.587971860913415523e-01,9.873068900283153981e-01,-2.925507171864067182e-03
8.019699959046343307e-02,-1.585198427868692375e-02,-9.966529766428992021e-01
-9.843311932544631659e-01,1.563307139438784577e-01,-8.156475871422110002e-02
1.570226552555969435e-01,9.875927700232399742e-01,-2.099127060334417694e-03
8.022460796279493045e-02,-1.487375123267624909e-02,-9.966658335678649783e-01
-9.847357820175510756e-01,1.538261602178995213e-01,-8.144293736684934948e-02
1.544455632446479210e-01,9.880004135747506577e-01,-1.323166752700316107e-03
8.026211814024576674e-02,-1.388146998087745262e-02,-9.966771278517737587e-01
-9.852295374670644312e-01,1.506901500651027237e-01,-8.133410831753895565e-02
1.512407882712980822e-01,9.884967594895592846e-01,-6.167996352483587049e-04
8.030555687823241751e-02,-1.290872387462961741e-02,-9.966867022201417736e-01
-9.857802368228228973e-01,1.470961344138256022e-01,-8.124070365311043818e-02
1.475836907250034635e-01,9.890495711641098531e-01,3.484310099562556653e-06
8.035159563771393509e-02,-1.198636811818389915e-02,-9.966945108998390701e-01
-9.863647800751595973e-01,1.431672267156156308e-01,-8.116443692802996490e-02
1.435989397952437407e-01,9.896358272409349066e-01,5.233840822019844791e-04
8.039816612938077700e-02,-1.113887946680406672e-02,-9.967005870607880125e-01
-9.869630072934740816e-01,1.390171583765670571e-01,-8.110642336549622744e-02
1.394016384177199919e-01,9.902354858940300986e-01,9.304207373202869101e-04
8.044380299748596364e-02,-1.038807745439484717e-02,-9.967050127325365327e-01
-9.875612153766296641e-01,1.347254500020613754e-01,-8.106724989551568339e-02
1.350724169775348316e-01,9.908349855419604779e-01,1.213918454779801303e-03
8.048781308828366343e-02,-9.751130596536036060e-03,-9.967078947196185146e-01
-9.881475456090245135e-01,1.303679473297416624e-01,-8.104706296947199184e-02
1.306880846649992323e-01,9.914225948920543097e-01,1.364867846913251411e-03
8.052982449721270142e-02,-9.243194614193272346e-03,-9.967093411420530069e-01
-9.887078897851032666e-01,1.260489049230728853e-01,-8.104555659946906243e-02
1.263537732254507162e-01,9.919842887794370068e-01,1.376519751319136339e-03
8.056942762938296143e-02,-8.879435940922801238e-03,-9.967094476069185971e-01
-9.892261931609849235e-01,1.219036738540370396e-01,-8.106190884317741874e-02
1.222055324538483118e-01,9.925040333456961461e-01,1.245644578276073255e-03
8.060612012802660653e-02,-8.673989487703341258e-03,-9.967082899747080615e-01
-9.896887191017222918e-01,1.180672618448675854e-01,-8.109476532722023623e-02
1.183786842639564657e-01,9.929680452222585663e-01,9.737965253348665083e-04
8.063948409412061147e-02,-8.636136184303330396e-03,-9.967059198965670941e-01
-9.900912501951044664e-01,1.146089991166038130e-01,-8.114242792058487530e-02
1.149423060539946084e-01,9.933720073057056288e-01,5.669044866998581688e-04
8.066958885697939063e-02,-8.765410612031124954e-03,-9.967023552748631721e-01
-9.904363481977479511e-01,1.115432172096138680e-01,-8.120314565038533328e-02
1.119100965125406633e-01,9.937183349333968962e-01,3.340710869712507243e-05
8.069678102344676751e-02,-9.054364252111549161e-03,-9.966975709915457671e-01
-9.902455360020403496e-01,1.132224551251418410e-01,-8.120624411795997200e-02
1.135971451688225359e-01,9.935268937344516882e-01,6.012289738041781444e-06
8.068126819657236992e-02,-9.218843858605363026e-03,-9.966973190894548029e-01
-9.900697065414748588e-01,1.147478659179266697e-01,-8.120901093127259884e-02
1.151295884068674752e-01,9.933504807196031905e-01,-1.810189645545320987e-05
8.066693289336374084e-02,-9.367482142754589292e-03,-9.966970935123096176e-01
-9.899095939014502799e-01,1.161193093418820405e-01,-8.121146409283873380e-02
1.165073079284354024e-01,9.931898336481672640e-01,-3.921058954468315119e-05
8.065384740612074888e-02,-9.500543993153138037e-03,-9.966968930233639501e-01
-9.897600915946050959e-01,1.173853005910619335e-01,-8.121362134551454726e-02
1.177789998094414536e-01,9.930398299619920266e-01,-5.756054527390985732e-05
8.064160396964423216e-02,-9.622230223536842528e-03,-9.966967163559486975e-01
-9.896188854106566790e-01,1.185685661677731983e-01,-8.121549578590203655e-02
1.189674809618330997e-01,9.928981483996939250e-01,-7.333702905517957378e-05
8.063001992080834346e-02,-9.734578657664952686e-03,-9.966965625835828568e-01
-9.894860035494172923e-01,1.196713482423076985e-01,-8.121709912281949162e-02
1.200750140609378319e-01,9.927648178101222687e-01,-8.670039323243835822e-05
8.061910306078558242e-02,-9.837933144763765306e-03,-9.966964308620330781e-01
-9.893633216169371858e-01,1.206804956151195374e-01,-8.121844505675529513e-02
1.210884180231135143e-01,9.926417205882877015e-01,-9.781836924652267159e-05
8.060901227536546032e-02,-9.931390932929462859e-03,-9.966963201568114217e-01
-9.892529451918978811e-01,1.215812277378664069e-01,-8.121955116316935397e-02
1.219928789573922895e-01,9.925309698241807643e-01,-1.068821710479006266e-04
8.059992501908863627e-02,-1.001394037651679933e-02,-9.966962290914189726e-01
-9.891499667993167710e-01,1.224156218326808709e-01,-8.122043285070365548e-02
1.228306268525325567e-01,9.924276417445921927e-01,-1.140548589976968826e-04
8.059144053901369509e-02,-1.008917404027374377e-02,-9.966961564484098091e-01
-9.890516931845120263e-01,1.232066610290403208e-01,-8.122109878067972077e-02
1.236247291252071806e-01,9.923290341837217587e-01,-1.194359219419188962e-04
8.058333920722468569e-02,-1.015906463683385018e-02,-9.966961015514804734e-01
-9.889568489160579512e-01,1.239653586153200149e-01,-8.122155407033898600e-02
1.243862409535899660e-01,9.922338675484375647e-01,-1.230914771604951752e-04
8.057551764439926933e-02,-1.022457595459620380e-02,-9.966960640049135067e-01
-9.888660299771732110e-01,1.246875831446479649e-01,-8.122180351927146824e-02
1.251110221548707158e-01,9.921427399774689349e-01,-1.250822061741330973e-04
8.056802649153985141e-02,-1.028543240419525079e-02,-9.966960434292483351e-01
-9.887817795499902473e-01,1.253539093672963456e-01,-8.122185565763559434e-02
1.257795903009150951e-01,9.920582033906488739e-01,-1.254959494670319236e-04
8.056107679189318527e-02,-1.034013983633471495e-02,-9.966960391284277465e-01
-9.887037528713398249e-01,1.259679361511090723e-01,-8.122172197217390754e-02
1.263955650249627694e-01,9.919799119219755434e-01,-1.244405813925979860e-04
8.055464108489647501e-02,-1.038910031080263197e-02,-9.966960501549186890e-01
-9.886316140568290889e-01,1.265330536116055504e-01,-8.122141362512945439e-02
1.269623560232943371e-01,9.919075285856022717e-01,-1.220179143369147691e-04
8.054869235783414239e-02,-1.043269280098061205e-02,-9.966960755819017637e-01
-9.885689886826457551e-01,1.270217017884264221e-01,-8.122094489650599769e-02
1.274523220854346939e-01,9.918446912638509971e-01,-1.183506928472540057e-04
8.054352990861909922e-02,-1.046879585376765155e-02,-9.966961142209956881e-01
-9.885191730904265839e-01,1.274091888054484922e-01,-8.122033637383331561e-02
1.278407032727502113e-01,9.917947074271132868e-01,-1.136064200659444136e-04
8.053942524919302515e-02,-1.049556704649846385e-02,-9.966961643614881128e-01
-9.884771416802217159e-01,1.277353355618095487e-01,-8.121960615956673457e-02
1.281674643034650674e-01,9.917525343780732028e-01,-1.079295806419861416e-04
8.053596382873778881e-02,-1.051639689657042111e-02,-9.966962244969579388e-01
-9.884389397198918292e-01,1.280311492566356124e-01,-8.121876178277422087e-02
1.284637201545344443e-01,9.917142039549229349e-01,-1.013814463780705579e-04
8.053281970451423022e-02,-1.053387365432224311e-02,-9.966962939914419950e-01
-9.884009159805012823e-01,1.283249716453842282e-01,-8.121779941111645362e-02
1.287579043305925597e-01,9.916760525738951282e-01,-9.393571595195371587e-05
8.052969242066726485e-02,-1.055027979420491632e-02,-9.966963731422406880e-01
-9.883615230022968490e-01,1.286287161571198767e-01,-8.121670535302252802e-02
1.290619614153208916e-01,9.916365275679088764e-01,-8.549116238397619133e-05
8.052645505831602935e-02,-1.056648346800527494e-02,-9.966964630532513247e-01
-9.883200459073693267e-01,1.289478017427123369e-01,-8.121546209564330099e-02
1.293813176956313538e-01,9.915949116790282458e-01,-7.591860063939335243e-05
8.052304942703622515e-02,-1.058279537806001112e-02,-9.966965651355266242e-01
-9.882774626013720587e-01,1.292746456284726009e-01,-8.121405612234958160e-02
1.297083572715841682e-01,9.915521861269911419e-01,-6.512073281128754937e-05
8.051955643269799456e-02,-1.059849915957461822e-02,-9.966966804637434896e-01
-9.882579112152430900e-01,1.294249812394885069e-01,-8.121253075512110953e-02
1.298582301424977548e-01,9.915325699187732544e-01,-5.342789608513115435e-05
8.051795442478368314e-02,-1.059891605023583795e-02,-9.966968054497857832e-01
-9.882792848978894096e-01,1.292626330832598591e-01,-8.121100128740527113e-02
1.296943805378098225e-01,9.915540156329214483e-01,-4.170307146154716662e-05
8.051970379127190713e-02,-1.057382478646429549e-02,-9.966969306317494670e-01
-9.882955065642751169e-01,1.291394760393625996e-01,-8.120952797020759839e-02
1.295698862717675759e-01,9.915702918339206473e-01,-3.039599986997302430e-05
8.052103002561648848e-02,-1.055234953336967908e-02,-9.966970510857041665e-01
-9.883198109888817751e-01,1.289542296491287265e-01,-8.120811451143432336e-02
1.293831336217919903e-01,9.915946774527308882e-01,-1.953513087979878791e-05
8.052301497775619932e-02,-1.052626728786238731e-02,-9.966971665234510835e-01
-9.883603258653821388e-01,1.286441744919978869e-01,-8.120678927619914833e-02
1.290712127503307327e-01,9.916353270996696168e-01,-9.332248256300035074e-06
8.052632050724436996e-02,-1.049068239936415924e-02,-9.966972746468005795e-01
-9.884129193032574756e-01,1.282402224073851404e-01,-8.120558054294953199e-02
1.286651554013963084e-01,9.916880950104903780e-01,-3.504051678588604371e-19
8.053060747285835375e-02,-1.044832864001613709e-02,-9.966973731723597352e-01
