9.811598775641561243e-01,1.907851282261367465e-01,3.043566174780192035e-02
-1.912905775120598562e-01,9.814243136772536902e-01,1.463664846316304474e-02
-2.707784358830409022e-02,-2.018294752676538795e-02,9.994295568051503320e-01
9.814141769265659621e-01,1.890208889498213862e-01,3.312577347283614249e-02
-1.901655589010689262e-01,9.811031823869658108e-01,3.568761295122820087e-02
-2.575409744867918418e-02,-4.132371051749481744e-02,9.988138352134575682e-01
9.815467355036685548e-01,1.880842219682353766e-01,3.450118068572018831e-02
-1.895713838031253817e-01,9.807607738360399896e-01,4.659393681856102004e-02
-2.507382031256664284e-02,-5.227456314395120124e-02,9.983179220988660507e-01
9.816416136020903460e-01,1.874070509275679586e-01,3.547308426606586573e-02
-1.891429967031379722e-01,9.804431806580197195e-01,5.436999449389293138e-02
-2.459002323836655124e-02,-6.008133458689353390e-02,9.978905571220340054e-01
9.817261402861484632e-01,1.867992096136588676e-01,3.632961280590340375e-02
-1.887592207628134566e-01,9.801098117467984538e-01,6.127571703615169313e-02
-2.416075445686994422e-02,-6.701352258299377029e-02,9.974594957885367652e-01
9.818114291450721343e-01,1.861816321755302150e-01,3.718490877549242291e-02
-1.883699633464324119e-01,9.797256841106822822e-01,6.822272941226412146e-02
-2.372919107475059131e-02,-7.398637536745952814e-02,9.969769013155025394e-01
9.819055194483536919e-01,1.854953893116996211e-01,3.811838691566873244e-02
-1.879381575715131647e-01,9.792466915874491473e-01,7.586281007037731783e-02
-2.325510278687353133e-02,-8.165401133541187739e-02,9.963893930764745610e-01
9.819870178358331980e-01,1.848968518816257178e-01,3.891851701002911612e-02
-1.875621186059733547e-01,9.787853298546422831e-01,8.246047377936013834e-02
-2.284619150178344299e-02,-8.827475423921210540e-02,9.958341324278731088e-01
9.820574544870089850e-01,1.843765468624177783e-01,3.960359899945794376e-02
-1.872356249285465346e-01,9.783521020394049250e-01,8.814751956556921009e-02
-2.249392905640558785e-02,-9.398113329184074050e-02,9.953198328947340245e-01
9.821564218506908528e-01,1.836407435110340158e-01,4.055663127392736267e-02
-1.867745005689220861e-01,9.776896912481479740e-01,9.611531396920833248e-02
-2.200111258693161764e-02,-1.019752174038071613e-01,9.945436169899086742e-01
9.822548055326976169e-01,1.829037054547863195e-01,4.149375301129278049e-02
-1.863132806371700090e-01,9.769693415745753784e-01,1.040108989412879409e-01
-2.151414573345110035e-02,-1.098960425621016701e-01,9.937102200236539451e-01
9.823420574478709533e-01,1.822454471238430240e-01,4.231641728515594253e-02
-1.859018935106910020e-01,9.762792522873077194e-01,1.109923761396407749e-01
-2.108478500817536488e-02,-1.168991812376635880e-01,9.929199430395391213e-01
9.824509049055213383e-01,1.814181641455165639e-01,4.333208013168204226e-02
-1.853855562280160851e-01,9.753512363179643874e-01,1.196752329224810146e-01
-2.055273687650734094e-02,-1.256081826568734849e-01,9.918670119912136318e-01
9.825837302130814299e-01,1.803993245581491101e-01,4.455666975520932577e-02
-1.847506988916899073e-01,9.741184006380171345e-01,1.302325643552110501e-01
-1.990960523275908667e-02,-1.361962747565392540e-01,9.904817930597382691e-01
9.827275564584629919e-01,1.792844543262708257e-01,4.586539233788099190e-02
-1.840572908599042434e-01,9.726598171809930360e-01,1.416184795305280020e-01
-1.922143229927363028e-02,-1.476142421958996365e-01,9.888582163601310482e-01
9.828746882014890440e-01,1.781313625759351760e-01,4.718649128629013451e-02
-1.833414981865746363e-01,9.710355749381149870e-01,1.532181688619607129e-01
-1.852680050278166651e-02,-1.592455019531105187e-01,9.870651588384725672e-01
9.830228377859260291e-01,1.769573403267415967e-01,4.849948552400248913e-02
-1.826141487000126351e-01,9.692659144781374803e-01,1.648504162792218675e-01
-1.783740696963524719e-02,-1.709084162818112207e-01,9.851254438793907164e-01
9.831705745752915560e-01,1.757735386728582483e-01,4.979241299714906588e-02
-1.818822143413188486e-01,9.673678520412073434e-01,1.764037952113741148e-01
-1.716046028738980878e-02,-1.824913750279738289e-01,9.830576873533881654e-01
9.833140430204152516e-01,1.746113293813233158e-01,5.103309172452252795e-02
-1.811650984886106486e-01,9.653978042152949746e-01,1.875800808362370065e-01
-1.651362741093763409e-02,-1.936955427650249584e-01,9.809226966705129058e-01
9.834441957480432039e-01,1.735460753570988446e-01,5.214665452473802448e-02
-1.805091340841499803e-01,9.635028979717643605e-01,1.976831255612685190e-01
-1.593632214672442357e-02,-2.038232698835871215e-01,9.788779843831139083e-01
9.835737463387514978e-01,1.724752585271313587e-01,5.324444299356016069e-02
-1.798510873147781408e-01,9.615152917453230197e-01,2.077063555833384700e-01
-1.537113875996592299e-02,-2.138705892647062567e-01,9.767410604449030531e-01
9.837076019908279623e-01,1.713576870096033267e-01,5.436816061593084670e-02
-1.791658113216225146e-01,9.593555525003982787e-01,2.180287502985992776e-01
-1.479749441160553743e-02,-2.242174547274792817e-01,9.744267890259855625e-01
9.838370444451782770e-01,1.702659589478453528e-01,5.544522704041900119e-02
-1.784979456951570065e-01,9.571646488034412092e-01,2.279787676050977763e-01
-1.425318778027063506e-02,-2.341908160415451245e-01,9.720861630201553805e-01
9.839538893270411979e-01,1.692709367950870625e-01,5.641004906340209984e-02
-1.778906900875791286e-01,9.551005752468950671e-01,2.369341544752095186e-01
-1.377120402181817790e-02,-2.431671053654473891e-01,9.698866494708928698e-01
9.840538218304959450e-01,1.684124808153019404e-01,5.723034201424102851e-02
-1.773680055961931457e-01,9.532701620798699205e-01,2.445743009625467035e-01
-1.336661263755963003e-02,-2.508251072057769426e-01,9.679401320713587609e-01
9.841472961616483106e-01,1.676030363044135607e-01,5.799415211802016329e-02
-1.768763077676136497e-01,9.515036161878617227e-01,2.517054630772198043e-01
-1.299504559051859083e-02,-2.579730424147389511e-01,9.660647173914508334e-01
9.842381922927986304e-01,1.668097449262805343e-01,5.873406022440797597e-02
-1.763955789041060651e-01,9.497352667776691737e-01,2.586262221657200655e-01
-1.264043420416208208e-02,-2.649102339380293158e-01,9.641902236530587311e-01
9.843381484208781895e-01,1.659302599019868152e-01,5.954459180137868651e-02
-1.758639987470767274e-01,9.477331069681074194e-01,2.662213588542096110e-01
-1.225820172370904390e-02,-2.725235894620731125e-01,9.620710107296246427e-01
9.844500000811782225e-01,1.649372634132264814e-01,6.044746875138450742e-02
-1.752655547981260276e-01,9.454212287244171398e-01,2.747010840652598929e-01
-1.183987511667790662e-02,-2.810238413767040533e-01,9.596277496734648693e-01
9.845680400237377672e-01,1.638791530259354479e-01,6.139542139101846624e-02
-1.746299190192497908e-01,9.428995943424043347e-01,2.836278307566310608e-01
-1.140902924396623372e-02,-2.899723748894435515e-01,9.569670087626943600e-01
9.846870150810012046e-01,1.628019481013765479e-01,6.234587416713479463e-02
-1.739850361552265356e-01,9.402728316998056890e-01,2.926024763535348128e-01
-1.098587847719205077e-02,-2.989691082165401026e-01,9.541995508347453914e-01
9.848044620690494799e-01,1.617278379031742153e-01,6.327936422243340964e-02
-1.733443114176937139e-01,9.375957975840475411e-01,3.014396623843291212e-01
-1.057928111198569443e-02,-3.078282423783685884e-01,9.513831257762895843e-01
9.849146708615942325e-01,1.607099853458274774e-01,6.415131902022797039e-02
-1.727393592941833811e-01,9.350076313542088347e-01,3.097125168058892930e-01
-1.020807880699179174e-02,-3.161218592966617558e-01,9.486636733890450035e-01
9.850159375864269151e-01,1.597659722127634518e-01,6.494949440837770316e-02
-1.721803223922084569e-01,9.325642560519472601e-01,3.172977228427285579e-01
-9.876197761974478059e-03,-3.237263388460913105e-01,9.460992116374029592e-01
9.851003195487495478e-01,1.589726781628459096e-01,6.561286476696082115e-02
-1.717121677617469422e-01,9.304803435528347100e-01,3.236066465791397895e-01
-9.606865670806522331e-03,-3.300515381951110716e-01,9.439140269498563773e-01
9.851786452867871136e-01,1.582306317315940181e-01,6.622766833392532138e-02
-1.712757077318179111e-01,9.285067854058796089e-01,3.294537621608538691e-01
-9.363162515538567959e-03,-3.359140018553237184e-01,9.418461204203202319e-01
9.852889515710366863e-01,1.571765683502935607e-01,6.709104466258626609e-02
-1.706579954930681209e-01,9.256633940375318392e-01,3.376731104468577715e-01
-9.029423386620315586e-03,-3.441552081633474924e-01,9.388693531119359781e-01
9.854222181501629541e-01,1.558896550330687025e-01,6.812831591904226769e-02
-1.699070832281569521e-01,9.221283822264140229e-01,3.475785231670118769e-01
-8.639157667754198897e-03,-3.540870827234766649e-01,9.351725524247349597e-01
9.855553045194632711e-01,1.545899491032538542e-01,6.915699075399739382e-02
-1.691522022635874589e-01,9.184889539207277132e-01,3.574431059629625262e-01
-8.262820534746789097e-03,-3.639780064335548238e-01,9.313708910175664268e-01
9.856754142018061549e-01,1.534043357683238795e-01,7.007915243497535307e-02
-1.684666682722521236e-01,9.151102953257073125e-01,3.663224386731929738e-01
-7.934703498186205378e-03,-3.728810227966083968e-01,9.278452367307241655e-01
9.857918627984850746e-01,1.522432401431567939e-01,7.096759169878159856e-02
-1.677981840449828954e-01,9.117489729669300269e-01,3.749100955297063331e-01
-7.627101138433108572e-03,-3.814915544672612402e-01,9.243408576946212651e-01
9.859060932412002654e-01,1.510930866384184168e-01,7.183351919936463437e-02
-1.671387723675753223e-01,9.083693900226136320e-01,3.833140775477365536e-01
-7.335262888650474766e-03,-3.899178508932800158e-01,9.208204295508495285e-01
9.860189704055519755e-01,1.499456734305419647e-01,7.268345768157515041e-02
-1.664836290703039789e-01,9.049494418574459687e-01,3.915989133513791409e-01
-7.056291683114129624e-03,-3.982245631629135474e-01,9.172608168052478472e-01
9.861415932066259771e-01,1.486870392426355436e-01,7.359974531185012325e-02
-1.657679566003689153e-01,9.011432764629559999e-01,4.005768089320450032e-01
-6.763335926907293634e-03,-4.072259319486060680e-01,9.133024130266086393e-01
9.862795404613280414e-01,1.472562717587709014e-01,7.462076450971195929e-02
-1.649579479331503284e-01,8.967477904433932556e-01,4.106486037380818743e-01
-6.445423305074604071e-03,-4.173236043727159283e-01,9.087350910776155199e-01
9.864193510289264166e-01,1.457904137764402808e-01,7.564402929223562611e-02
-1.641317346090507279e-01,8.921695575983173976e-01,4.208256814785022448e-01
-6.134949917423337604e-03,-4.275261813610131134e-01,9.039821495161833864e-01
9.865537989789751050e-01,1.443659954030697135e-01,7.661632392956106707e-02
-1.633322245853119636e-01,8.876491352579233274e-01,4.305828574037216527e-01
-5.846890869572426638e-03,-4.373070683739696540e-01,8.992932457325650830e-01
9.866848529312112204e-01,1.429637958949002419e-01,7.755226663671117848e-02
-1.625481962064654340e-01,8.831310547886085383e-01,4.400654769228494190e-01
-5.575384012512007992e-03,-4.468119214313877041e-01,8.946105420584514745e-01
9.868074179807460045e-01,1.416404091161181378e-01,7.841628864345834282e-02
-1.618107552333727106e-01,8.788052543684589102e-01,4.489082360414943240e-01
-5.329100279141789354e-03,-4.556745762065275152e-01,8.901304855417427886e-01
9.869119531947604385e-01,1.405027890479187969e-01,7.914393793591409376e-02
-1.611785912377792784e-01,8.750387905089946905e-01,4.564302540710639122e-01
-5.124292024557025593e-03,-4.632127819640899924e-01,8.862322834660130155e-01
9.869902291541843287e-01,1.396458120235045397e-01,7.968271292633344327e-02
-1.607033003282058725e-01,8.721719016448993278e-01,4.620504553020227667e-01
-4.973612234631545614e-03,-4.688445597057946945e-01,8.832666879354377221e-01
9.870431536876385081e-01,1.390640969249581083e-01,8.004367373823081944e-02
-1.603810148135783320e-01,8.702109114119320754e-01,4.658442870180761197e-01
-4.872663194673678387e-03,-4.726458998092945563e-01,8.812389633623246565e-01
9.871017291354061696e-01,1.384182930767928754e-01,8.043974440643579527e-02
-1.600234498862144750e-01,8.680192802897097604e-01,4.700372586649047557e-01
-4.761494019468787489e-03,-4.768468361940984002e-01,8.789735052823208772e-01
9.871786374386221086e-01,1.375672500016344446e-01,8.095424332460358918e-02
-1.595525832650608877e-01,8.651077248456828794e-01,4.755329616218750277e-01
-4.616379443635762990e-03,-4.823524397597206415e-01,8.759650751612152453e-01
9.872581112148239857e-01,1.366842330554448870e-01,8.147909102900471878e-02
-1.590643444457162103e-01,8.620584272023250616e-01,4.812003765804616084e-01
-4.467232643249592280e-03,-4.880293930991769225e-01,8.728157625236397932e-01
9.873383916900529966e-01,1.357888388870635843e-01,8.200177759559121315e-02
-1.585694305612659061e-01,8.589362229572377050e-01,4.869130318573792748e-01
-4.316941888428051100e-03,-4.937509049452102339e-01,8.695926677978645936e-01
9.874096827500302709e-01,1.349912028381458073e-01,8.245904175990796670e-02
-1.581284902616943988e-01,8.561282970048590402e-01,4.919753242272671967e-01
-4.183178209727352742e-03,-4.988203225978276589e-01,8.666953252423496012e-01
9.874718915851757872e-01,1.342936855286832043e-01,8.285209325326772789e-02
-1.577426223458541776e-01,8.536510089367320697e-01,4.963841456525209805e-01
-4.065516639417536202e-03,-5.032346977167628799e-01,8.641402146681903540e-01
9.875126020179337827e-01,1.338368677127141637e-01,8.310567788509946874e-02
-1.574895610585074213e-01,8.520162717118606732e-01,4.992647703571554962e-01
-3.987356804366274168e-03,-5.061185292025834892e-01,8.624547149893782017e-01
9.875480389541017034e-01,1.334393738357761705e-01,8.332349169568173397e-02
-1.572689433760444400e-01,8.505846695980892047e-01,5.017690697160667179e-01
-3.917934178763166249e-03,-5.086252583029655661e-01,8.609790917539847932e-01
9.875889960149489832e-01,1.329802418578873990e-01,8.357170708898407907e-02
-1.570135680536287048e-01,8.489201028877489952e-01,5.046596857240274181e-01
-3.835935114674789148e-03,-5.115182442713988031e-01,8.592638543626099912e-01
9.876515300242906248e-01,1.322792578026530663e-01,8.394434582542555090e-02
-1.566228106711757828e-01,8.463578711645428632e-01,5.090654664526230722e-01
-3.708155751129399869e-03,-5.159268862071737516e-01,8.566245955543496660e-01
9.877715286791657334e-01,1.309314479524285590e-01,8.464256061908584372e-02
-1.558699452815068554e-01,8.413701228081875705e-01,5.174948083274871768e-01
-3.459377057747897635e-03,-5.243598691969250103e-01,8.514897300192156848e-01
9.878935862798171597e-01,1.295564956154277303e-01,8.533098283358690750e-02
-1.550999852663823841e-01,8.362006559484903567e-01,5.260346543764289340e-01
-3.202617421798211860e-03,-5.329010953992223687e-01,8.461714754156111074e-01
9.880071974908837262e-01,1.282744957320831602e-01,8.595016841872549218e-02
-1.543794894945283158e-01,8.313019301940979267e-01,5.339513780496389916e-01
-2.958197139161337485e-03,-5.408167477452652250e-01,8.411352414861120730e-01
9.881178231978156035e-01,1.270257592139169556e-01,8.653105786508417940e-02
-1.536743558904973828e-01,8.264515978596276291e-01,5.416289770457765052e-01
-2.712899012734738564e-03,-5.484908503609052799e-01,8.361521555840971676e-01
9.882389370270100448e-01,1.256593545760499586e-01,8.714086269675343221e-02
-1.528982528061604840e-01,8.210507318026790680e-01,5.499980182948482899e-01
-2.434673087588581399e-03,-5.568531426207055102e-01,8.306073982053395754e-01
9.883681619436699428e-01,1.242032737014578114e-01,8.776060197008177244e-02
-1.520653068346334846e-01,8.151837856102600588e-01,5.588841902945206330e-01
-2.125773684918319181e-03,-5.657286827670990892e-01,8.245887087551602157e-01
9.884742933890304784e-01,1.230110604440742134e-01,8.824313184390518428e-02
-1.513773856263665729e-01,8.102850612389055351e-01,5.661475131724076348e-01
-1.859685525651828949e-03,-5.729802776348927873e-01,8.195670460849604488e-01
9.885986065261416211e-01,1.216208802347893414e-01,8.877587884980388255e-02
-1.505670962045549677e-01,8.044555989799481166e-01,5.746135560699083822e-01
-1.531246310367414057e-03,-5.814288871130653957e-01,8.135957869385251895e-01
9.887793229687970031e-01,1.196085423352475363e-01,8.949439686282284478e-02
-1.493800235453163205e-01,7.958048530715196023e-01,5.868391980737414082e-01
-1.029094279184174189e-03,-5.936231400734122143e-01,8.047425107056013216e-01
9.889086866624559047e-01,1.181771953107255135e-01,8.996532638778401147e-02
-1.485233630690449003e-01,7.894839555432985323e-01,5.955299275137806436e-01
-6.481251810342418974e-04,-6.022866713205258238e-01,7.982796161030198956e-01
9.890445595373600352e-01,1.166527260658495602e-01,9.045994003417412443e-02
-1.476170136943937838e-01,7.827271899258971821e-01,6.046051301640238407e-01
-2.766180366374978452e-04,-6.113348408638947795e-01,7.913719958593233850e-01
9.891745899913494400e-01,1.151739813842707627e-01,9.093175753041631004e-02
-1.467434077557710770e-01,7.761465975393720962e-01,6.132396198959150224e-01
5.287435061395915313e-05,-6.199446855502015463e-01,7.846455149073134905e-01
9.892591888262963762e-01,1.142004762970623422e-01,9.123874471018315890e-02
-1.461717950309363023e-01,7.718044755543657098e-01,6.188308798478884265e-01
2.523097147968655636e-04,-6.255206653096189173e-01,7.802075580331420124e-01
9.893243478115949507e-01,1.134432005735113574e-01,9.147663674855528726e-02
-1.457298117663505255e-01,7.684271215371394348e-01,6.231232469184162515e-01
3.959668176997125028e-04,-6.298018729181702469e-01,7.767557171212168265e-01
9.893903109401498419e-01,1.126694869326654996e-01,9.171913285737882948e-02
-1.452808644992780174e-01,7.649785303774777612e-01,6.274562283324293110e-01
5.320038582812146224e-04,-6.341241477637810098e-01,7.732310664969735958e-01
9.894731794427181759e-01,1.116882685544330761e-01,9.202476748602113343e-02
-1.447147174456482333e-01,7.606034690798522124e-01,6.328823061039648978e-01
6.911715764382139748e-04,-6.395374058584538668e-01,7.687596690714446623e-01
9.895767558135072361e-01,1.104493499185330435e-01,9.240554883886195614e-02
-1.440037448284031407e-01,7.550674582558349890e-01,6.396374402421127758e-01
8.751165678744602392e-04,-6.462770880873515145e-01,7.631023257632842949e-01
9.896437722892285072e-01,1.096402436142340786e-01,9.265107095646449298e-02
-1.435417471304904213e-01,7.514450230210034665e-01,6.439923479425629926e-01
9.852917663876882386e-04,-6.506223131418643613e-01,7.594008393746641827e-01
9.896901342465646012e-01,1.090763106572263802e-01,9.282131559317183256e-02
-1.432212353662074278e-01,7.489202495639486479e-01,6.469977878895857293e-01
1.056368867544842842e-03,-6.536213110412336658e-01,7.568210262924234266e-01
9.897259398452280532e-01,1.086379854124429056e-01,9.295349440998532109e-02
-1.429732035225576847e-01,7.469597828980005794e-01,6.493148279595405414e-01
1.107732803904296808e-03,-6.559335872321004901e-01,7.548177939539570946e-01
9.897657635895933392e-01,1.081474969268475944e-01,9.310130039042163741e-02
-1.426968290487120039e-01,7.447684001024816869e-01,6.518877550535764342e-01
1.161122447109584274e-03,-6.585014420013247660e-01,7.525785691058408666e-01
9.898244001331061304e-01,1.074205010403943839e-01,9.331930591998285895e-02
-1.422889104750795219e-01,7.415206030594884146e-01,6.556684079583031677e-01
1.234040896390973434e-03,-6.622748909591935629e-01,7.492599321654136446e-01
9.898778457699084488e-01,1.067533269310487198e-01,9.351779318983996503e-02
-1.419160755696990406e-01,7.385380793219677997e-01,6.591064655172946818e-01
1.295356630906593139e-03,-6.657065664247124870e-01,7.462124961903301434e-01
9.899316005699728693e-01,1.060779215455666669e-01,9.371713159056767328e-02
-1.415400929203690927e-01,7.355166826635256561e-01,6.625568742531081634e-01
1.352142390279817766e-03,-6.691507185115713741e-01,7.431254857873708097e-01
9.900334800827204074e-01,1.047877525843150526e-01,9.409163205962874088e-02
-1.408247395671744229e-01,7.297298714656393903e-01,6.690760101937793802e-01
1.449496847433412276e-03,-6.756580803922523915e-01,7.372137121349492395e-01
9.902084351903124304e-01,1.025467207169333261e-01,9.471760632624540155e-02
-1.395876556096844190e-01,7.196038856887800872e-01,6.802099191449579862e-01
1.594139051945039258e-03,-6.867710082494965507e-01,7.268720939400827863e-01
9.903701541233733696e-01,1.004485036811899185e-01,9.527358463851361148e-02
-1.384342705799564976e-01,7.100275150301667004e-01,6.904323867180772734e-01
1.706033589963051964e-03,-6.969727584407194865e-01,7.170955748302043631e-01
9.905343478351565922e-01,9.829241162569568591e-02,9.581392161685747810e-02
-1.372532952941611373e-01,7.000866416551025928e-01,7.007426254389481635e-01
1.799635974758775382e-03,-7.072604159664337420e-01,7.069508224179670286e-01
9.907070085937711434e-01,9.599789262591752748e-02,9.635365968441082785e-02
-1.360003529987479365e-01,6.893903918609184389e-01,7.115088134339070391e-01
1.878059467341227197e-03,-7.180008998750113669e-01,6.960396401580661863e-01
9.908890185388218308e-01,9.354968007567017463e-02,9.688864895809304323e-02
-1.346669535156312381e-01,6.778385531492101546e-01,7.227722376346759070e-01
1.940249971948115318e-03,-7.292347723623655575e-01,6.842608290759351064e-01
9.910107088627566618e-01,9.189659304172263787e-02,9.722546531991674290e-02
-1.337680421905167172e-01,6.699530164606209981e-01,7.302527416065212051e-01
1.971245245130670478e-03,-7.366939472553596380e-01,6.762234410825386233e-01
9.910679737386125510e-01,9.111461376918371380e-02,9.737760824412670935e-02
-1.333429301817303236e-01,6.661964446302864884e-01,7.337587887940479892e-01
1.983532241853018172e-03,-7.401894516403789703e-01,6.723954500739518503e-01
9.911552888182166843e-01,8.991764925996412194e-02,9.760127970089499394e-02
-1.326921007133626540e-01,6.604114203581288312e-01,7.390869788250999939e-01
1.999963978537707462e-03,-7.455008867950027041e-01,6.665016338554080599e-01
9.912299378758147039e-01,8.888991103686633144e-02,9.778442603287648693e-02
-1.321331250487836340e-01,6.554102795879435117e-01,7.436250417214765873e-01
2.011845797826843172e-03,-7.500239657013084704e-01,6.614075924497231362e-01
9.912266167368679604e-01,8.893567994258741449e-02,9.777647521538253284e-02
-1.321580452869910161e-01,6.556338799038656795e-01,7.434234772914365408e-01
2.011302629383759488e-03,-7.498230860378689577e-01,6.616353182126426535e-01
9.912510584790178436e-01,8.859911097216881248e-02,9.783423020180712082e-02
-1.319745259981575936e-01,6.539858426052851392e-01,7.449061968861445671e-01
2.015825327575364138e-03,-7.513006822882524194e-01,6.599569843871774255e-01
9.913215577247540544e-01,8.762662602135933010e-02,9.799563052652811301e-02
-1.314437288164311268e-01,6.492011980478431532e-01,7.491731112420138006e-01
2.028631302756907142e-03,-7.555523667260618526e-01,6.550851133934006976e-01
9.914110614441521419e-01,8.638712325719548335e-02,9.819048926213355677e-02
-1.307667191301819520e-01,6.430599607253991712e-01,7.545687192560640577e-01
2.042648787851420161e-03,-7.609278230208099680e-01,6.488333189184266603e-01
