7.841232500410886264e-01,3.539400541351842011e-02,6.195950234837174220e-01
5.904422614679156744e-01,2.649176761631221733e-01,-7.623624864386918665e-01
-1.911247357556159210e-01,9.636212374357048249e-01,1.868299926275944767e-01
7.798606766185079975e-01,1.189375135748768769e-01,6.145495854138647296e-01
5.763102256457641737e-01,2.467494173412253522e-01,-7.790900133224265556e-01
-2.443027811635214985e-01,9.617528751767036033e-01,1.238852622760168026e-01
7.797901413777785784e-01,1.626562297689486403e-01,6.045413851357676061e-01
5.762005492373835080e-01,1.911053120308927600e-01,-7.946519280627256654e-01
-2.447861566380696019e-01,9.679988174818960900e-01,5.529942935377420155e-02
7.862941944003268846e-01,1.786737508623211235e-01,5.914534052949175225e-01
5.818934961301674980e-01,1.076581585668037050e-01,-8.061077347707829022e-01
-2.077050770600051277e-01,9.780007217158153132e-01,-1.931810850092849363e-02
7.965697445244633856e-01,1.825988606226269240e-01,5.763109388621999729e-01
5.851458265383748802e-01,6.688799619361208634e-03,-8.109005004599922906e-01
-1.519243358465707794e-01,9.831647451479766930e-01,-1.015188658282772244e-01
8.066365511761124374e-01,1.899834518844217002e-01,5.596818403087850946e-01
5.827038278082551370e-01,-9.706954949727909787e-02,-8.068666256703846962e-01
-9.896324264913003432e-02,9.769768628894157647e-01,-1.890039312737954724e-01
8.146094379447365030e-01,2.067974517924552613e-01,5.418913891188325005e-01
5.768923942613775058e-01,-1.921438710256549998e-01,-7.938991738729219705e-01
-6.005521694922438120e-02,9.593307807070988735e-01,-2.758220878829500400e-01
8.215132816909667124e-01,2.263132090845008937e-01,5.233529014472052543e-01
5.694059147648413699e-01,-2.775182765646360683e-01,-7.737961685190503092e-01
-2.988029882015108205e-02,9.336840673466969553e-01,-3.568490299620041273e-01
8.294118059486983441e-01,2.387081684922736369e-01,5.050687740235101364e-01
5.586361172485176940e-01,-3.565477731010416873e-01,-7.488653911241821559e-01
1.320860693358426102e-03,9.032674553194327549e-01,-4.290759368040615862e-01
8.391546055628473777e-01,2.390843165352979083e-01,4.885265986464121801e-01
5.425991314242346597e-01,-4.299152159597673384e-01,-7.216363971556748469e-01
3.749307338036163978e-02,8.706386143052657900e-01,-4.904922759639305796e-01
8.509827475146575226e-01,2.235030788388854550e-01,4.752628085695490001e-01
5.188810305311831739e-01,-4.976771784018176326e-01,-6.950394969404211087e-01
8.118398611849911295e-02,8.380714766036736485e-01,-5.394862005142414541e-01
8.648135384500047484e-01,1.854298127993657674e-01,4.665976085067888302e-01
4.830901670647412272e-01,-5.605458373029506003e-01,-6.726159787297998349e-01
1.368262921621870021e-01,8.070961212047781386e-01,-5.743469482326659659e-01
8.779576419191437164e-01,1.226514889348759851e-01,4.627601876683790638e-01
4.328850633136476778e-01,-6.161988344967282982e-01,-6.579585993211076733e-01
2.044526864741864070e-01,7.779817534449023908e-01,-5.940904731799135918e-01
8.858131769841263159e-01,4.291542553631318146e-02,4.620533321863569687e-01
3.723342505068649166e-01,-6.599982891558030529e-01,-6.525101258425335393e-01
2.769516590692474023e-01,7.500403486748565829e-01,-6.006140640269269637e-01
8.859374423458828973e-01,-4.023670294967335304e-02,4.620561178772576438e-01
3.096951882268336731e-01,-6.902788991440824695e-01,-6.539143154299887906e-01
3.452589444894881288e-01,7.224237324620013112e-01,-5.990828089837741954e-01
8.794939919577248189e-01,-1.155179543569572753e-01,4.616772903792517035e-01
2.517536373362668778e-01,-7.103164103348861280e-01,-6.573208527546421376e-01
4.038693159122130893e-01,6.943386778390762126e-01,-5.956369499167339931e-01
8.691515485604949243e-01,-1.777439479024509605e-01,4.615004602168388814e-01
2.011170105148699927e-01,-7.254945414444836649e-01,-6.581866138337084671e-01
4.518047519342345275e-01,6.648795074780982084e-01,-5.948173725196064243e-01
8.575430786633564395e-01,-2.248657540481835693e-01,4.626610650281471337e-01
1.588722169257499872e-01,-7.396566721683416334e-01,-6.539630159911137275e-01
4.892642303342248922e-01,6.343054470586526605e-01,-5.985625387120455665e-01
8.475957716964095390e-01,-2.545143762063950543e-01,4.656219929711829519e-01
1.278860214904596615e-01,-7.536285426741510252e-01,-6.447396261573792309e-01
5.150015276290703659e-01,6.060251250849817417e-01,-6.062235349633992021e-01
8.426931999731467338e-01,-2.636005809857338011e-01,4.694495762864968058e-01
1.135128983432714539e-01,-7.653558887424911639e-01,-6.335181023021367874e-01
5.262917373055608916e-01,5.871499788152462207e-01,-6.150381367990047643e-01
8.449386623031818200e-01,-2.510907797547290987e-01,4.722627208727944170e-01
1.202165532506496576e-01,-7.712155155741368118e-01,-6.251196761015290759e-01
5.211781244053542705e-01,5.849615793538360808e-01,-6.214445377498934997e-01
8.535467389270833261e-01,-2.186237466510206895e-01,4.729287706569553218e-01
1.484256433195610403e-01,-7.680620580714367929e-01,-6.229369984801722548e-01
4.994274651167158185e-01,6.019006005464052622e-01,-6.231274945259898113e-01
8.654173933506666971e-01,-1.673850588899966074e-01,4.722657912315540440e-01
1.952739962423546416e-01,-7.553481946977824713e-01,-6.255534925369274912e-01
4.614334206358042256e-01,6.335861011360655048e-01,-6.210055162287405617e-01
8.760427177747632799e-01,-9.805290982396708266e-02,4.721597014711709228e-01
2.550047453518000662e-01,-7.368235250842118944e-01,-6.261498812340529074e-01
4.092941930808737250e-01,6.689370079654276546e-01,-6.204849260578904069e-01
8.809359688073132855e-01,-1.495882588634346762e-02,4.729989984553599758e-01
3.181363181243817007e-01,-7.212272689489233057e-01,-6.153214695298336867e-01
3.503442621967474691e-01,6.925369745072080807e-01,-6.305960970845165825e-01
8.786417110601246749e-01,7.361045110381790602e-02,4.717735104960671944e-01
3.744818144586632425e-01,-7.192189673691030682e-01,-5.852242725053582451e-01
2.962298339797387881e-01,6.908730560732795345e-01,-6.595015593968660550e-01
8.721380501855844347e-01,1.570968691715695642e-01,4.633527762475284084e-01
4.155532793784743051e-01,-7.377277763939122934e-01,-5.320462402567734950e-01
2.582454143867323748e-01,6.565655358937415587e-01,-7.086825835790923067e-01
8.669696328527102258e-01,2.258541697964319972e-01,4.442449210476093757e-01
4.359770743253374436e-01,-7.755620438851023035e-01,-4.565386171619874589e-01
2.414283483502628613e-01,5.894857178399592890e-01,-7.708559804397125959e-01
8.675099445432570278e-01,2.737985830980081969e-01,4.152840380389254960e-01
4.342472921871826652e-01,-8.240528240044722175e-01,-3.638217078333347843e-01
2.426021160532344512e-01,4.959549181441987864e-01,-8.337703126218447558e-01
8.753730359289991769e-01,2.970556225599266242e-01,3.814184124688269062e-01
4.108731888411435995e-01,-8.728885878925255470e-01,-2.631515510211109299e-01
2.547651315790099291e-01,3.870703711050758056e-01,-8.861553235853592003e-01
8.896547813616920708e-01,2.936855138791556463e-01,3.496615353079569055e-01
3.676531788378079035e-01,-9.148367350777880658e-01,-1.670475726267331706e-01
2.708237651407798818e-01,2.771688462768825412e-01,-9.218632876075206761e-01
9.077555761229523235e-01,2.634030480065854829e-01,3.264944848950973033e-01
3.071446637826529824e-01,-9.474351781734092759e-01,-8.960324833251805121e-02
2.857305917766264636e-01,1.816188867456557665e-01,-9.409424058712335670e-01
9.258315709914063385e-01,2.083247687085998945e-01,3.153358419736568830e-01
2.336203886806484387e-01,-9.713220469399674872e-01,-4.421536585835050825e-02
2.970814996311147982e-01,1.146048632819340607e-01,-9.479495293501343234e-01
9.395407356948819455e-01,1.353048133685695598e-01,3.145724300571861587e-01
1.554914763691346846e-01,-9.870325288337935543e-01,-3.986466003800788471e-02
3.050993406723265799e-01,8.636780331609368588e-02,-9.483960128180892735e-01
9.463561782679904555e-01,5.646192683543544560e-02,3.181541056307823911e-01
8.510623751395664238e-02,-9.934034582754843745e-01,-7.685376030494181498e-02
3.117160772204846109e-01,9.980792955014664014e-02,-9.449187618699570468e-01
9.474348635088465365e-01,-1.491837748005842013e-02,3.196007221962166023e-01
3.363978353040510128e-02,-9.887309260139959255e-01,-1.458750273418075449e-01
3.181753364446793242e-01,1.489583856077075219e-01,-9.362562985652274072e-01
9.462679692777797857e-01,-6.919208210559539551e-02,3.158945809203824728e-01
6.429218990257391277e-03,-9.726234698430730186e-01,-2.322977687380926026e-01
3.233196493092629353e-01,2.218468933350005168e-01,-9.199175844023445014e-01
9.458187135658692180e-01,-1.034262230830692436e-01,3.077823542412730373e-01
1.434329718675572858e-03,-9.465715582047729004e-01,-3.224906662695549708e-01
3.246920137858493316e-01,3.054591686326512678e-01,-8.951367460628730788e-01
9.468743235657688384e-01,-1.224551528375350390e-01,2.973781280590255816e-01
1.012401985159826906e-02,-9.128643952382300419e-01,-4.081373564525777597e-01
3.214444268849050990e-01,3.894654456695619826e-01,-8.631281183139006830e-01
9.485497606834618622e-01,-1.358646559686652322e-01,2.859967603306076689e-01
2.170843011216619725e-02,-8.732263258144427054e-01,-4.868311096143326799e-01
3.158830408883423480e-01,4.679920736061791708e-01,-8.253492139803754180e-01
9.496145341149717645e-01,-1.528675957952536357e-01,2.736123808322218354e-01
2.798268824080262646e-02,-8.281504004635302785e-01,-5.598070064395985757e-01
3.121685533568190896e-01,5.392572800656875165e-01,-7.821460104301454219e-01
9.490226760076493351e-01,-1.792940443703746056e-01,2.592481558489657112e-01
2.512288037693303361e-02,-7.768262013884036365e-01,-6.292137114025183608e-01
3.142050306169765772e-01,6.036511411523584059e-01,-7.327212975690258201e-01
9.459689293537298926e-01,-2.164366279048974551e-01,2.414497278330453023e-01
1.359154588860281114e-02,-7.175029692850583007e-01,-6.964228311145091999e-01
3.239723052226896605e-01,6.620760355954297127e-01,-6.757938072216229664e-01
9.407098618740968865e-01,-2.591629663355400903e-01,2.188595735791357688e-01
-1.512254223291639721e-03,-6.483972039476286753e-01,-7.613007156413219567e-01
3.392088867324813406e-01,7.158321203716075942e-01,-6.103455643220839777e-01
9.358979652445442721e-01,-2.959092703606974184e-01,1.911352993540302303e-01
-1.206748406474763766e-02,-5.691923435154844224e-01,-8.221158388332067135e-01
3.520644464414868224e-01,7.671100192009877583e-01,-5.362768363464044397e-01
9.364583392611504076e-01,-3.122146358581558978e-01,1.598993441198007515e-01
-1.109884485373016476e-02,-4.819852909260307627e-01,-8.761090088867068415e-01
3.506031865457076568e-01,8.186648900461558354e-01,-4.548243666561955778e-01
9.471715041703776539e-01,-2.936176992212536363e-01,1.290534331296914750e-01
4.331923810794641172e-03,-3.906287914301001529e-01,-9.205380938109966049e-01
3.206982632332006644e-01,8.724665011264394199e-01,-3.687205301686506398e-01
9.675836305021953132e-01,-2.302379031412244148e-01,1.037902985484992491e-01
3.119775289883649702e-02,-2.988542540165478600e-01,-9.537886744036666586e-01
2.506164761306050592e-01,9.261083328449193353e-01,-2.819835785674428830e-01
9.883062750271121022e-01,-1.243650299245927793e-01,8.822724128816350486e-02
6.086312984222377181e-02,-2.087754366064364653e-01,-9.760678750865572351e-01
1.398083907275450288e-01,9.700237921949199649e-01,-1.987648287616353704e-01
9.964571016373527934e-01,8.569752173879317120e-03,8.366483048662924638e-02
8.408620983984915753e-02,-1.211448403698558440e-01,-9.890669528262641119e-01
1.659503235503735326e-03,9.925978478815709050e-01,-1.214362341217207347e-01
9.854274833269743850e-01,1.448219188754494846e-01,8.921483458415915835e-02
9.541867232121119258e-02,-3.645856050990371744e-02,-9.947693453617939552e-01
-1.408117616602462263e-01,9.887858137056068086e-01,-4.974598235227373211e-02
9.602284145476163157e-01,2.594293878213514981e-01,1.032365453673009109e-01
9.492331255415352442e-02,4.440527714612382826e-02,-9.944937084575752317e-01
-2.625851420952277637e-01,9.647406718653322999e-01,1.801331243216226091e-02
9.323793132536257744e-01,3.396175600733864486e-01,1.238092430307610181e-01
8.723447666187308935e-02,1.209851126019010487e-01,-9.888138088729311326e-01
-3.507976090886389953e-01,9.327499745468724734e-01,8.317765653516963342e-02
9.092218345595178830e-01,3.888184007404536513e-01,1.487814042668053893e-01
7.723230726492984199e-02,1.936406729734338750e-01,-9.780278423654580333e-01
-4.090853535718612100e-01,9.007350001220812974e-01,1.460329862020261771e-01
8.915867237906590637e-01,4.171767764089813202e-01,1.761722184293384175e-01
6.724653595495889979e-02,2.627490641873080901e-01,-9.625179648114970954e-01
-4.478292281312479250e-01,8.700152101065998789e-01,2.062098847093284393e-01
8.780892528584657297e-01,4.325969101132725592e-01,2.044973756876805326e-01
5.785940294820275664e-02,3.282459978315452886e-01,-9.428185691192253470e-01
-4.749858457728410310e-01,8.397109487987084453e-01,2.631994845453740628e-01
8.680577837725670376e-01,4.385387384172604874e-01,2.327218472134837957e-01
4.959055090774978219e-02,3.898234860003071400e-01,-9.195533844599448337e-01
-4.939802237440154564e-01,8.097662773368186073e-01,3.166419341774930896e-01
8.614825608135435742e-01,4.361050321661322227e-01,2.601157387061550086e-01
4.329737900294610559e-02,4.473015322774244185e-01,-8.933345823482566894e-01
-5.059378761553402493e-01,7.808544930962224573e-01,3.664602650992762056e-01
8.591334417356666364e-01,4.241917760316005204e-01,2.862709653442461755e-01
4.070802674520748038e-02,5.009737301760963657e-01,-8.645045853207415920e-01
-5.101299697008326861e-01,7.543783255706336677e-01,4.131352753238322628e-01
8.616748474830122628e-01,4.008675717427563345e-01,3.111617686727881638e-01
4.395121256939644311e-02,5.519162951820945073e-01,-8.327404720693586393e-01
-5.055539024380962809e-01,7.312274559528021411e-01,4.579537740550833624e-01
8.681402442923062956e-01,3.662316973886503013e-01,3.349729230896301702e-01
5.367414402408388074e-02,6.016793496304972955e-01,-7.969322720766470747e-01
-4.934081501763136757e-01,7.098283619216192442e-01,5.026848851121823447e-01
8.755991536108844731e-01,3.247205870937015515e-01,3.576068534678663591e-01
6.719956539995194933e-02,6.512412039729559288e-01,-7.558896165660377031e-01
-4.783412388511074087e-01,6.858873332564185965e-01,5.484051650453765081e-01
8.804698517698230642e-01,2.857553453771454199e-01,3.783077078901412316e-01
7.797882622584702272e-02,6.997928957997332500e-01,-7.100769010523353408e-01
-4.676453175047010080e-01,6.547012944469297047e-01,5.938636811627442391e-01
8.814621398756559145e-01,2.573522960107481605e-01,3.959725885010356161e-01
8.061702162311985831e-02,7.441668486242043468e-01,-6.631113005914203162e-01
-4.653228900393803769e-01,6.164296363213346286e-01,6.352079275227859867e-01
8.805381938668603858e-01,2.381120968645623337e-01,4.098232760746542414e-01
7.777409895463981149e-02,7.803453426737039234e-01,-6.204936223768944270e-01
-4.675507233103520788e-01,5.782419691527723726e-01,6.686049251505009616e-01
8.816028384791233519e-01,2.154401009399724010e-01,4.199547561810319518e-01
8.149991699585670824e-02,8.069007105747325603e-01,-5.850376111666103496e-01
-4.649023541626885470e-01,5.499970959511127910e-01,6.938076067655103429e-01
8.872228322427381242e-01,1.732100834855168914e-01,4.275908231873416510e-01
1.051202416429298098e-01,8.265608042490629748e-01,-5.529439133472645596e-01
-4.492052770898894987e-01,5.355329151003692667e-01,7.151357322327001054e-01
8.950559004296587684e-01,1.032398314611917001e-01,4.338392230478634315e-01
1.524378900556275507e-01,8.434054928391576667e-01,-5.151988585989901726e-01
-4.190914280667680791e-01,5.272653136777620819e-01,7.391574010451257282e-01
8.992197433593809297e-01,1.235321770013816760e-02,4.373228216255679035e-01
2.137871239495793274e-01,8.597195113192378502e-01,-4.638722097789851340e-01
-3.817052779172272481e-01,5.106170373604050905e-01,7.704357997553499260e-01
8.974496734568626621e-01,-7.237477678206077902e-02,4.351390288717480459e-01
2.650055958339477824e-01,8.770551377138461335e-01,-4.006823168520835532e-01
-3.526416286940544653e-01,4.749064917266901387e-01,8.062925681075084894e-01
8.962280501114747722e-01,-1.124177183508129341e-01,4.291125003377356251e-01
2.767382558139899196e-01,8.977206205412802120e-01,-3.428026030057081952e-01
-3.466860546661960640e-01,4.259811530350151032e-01,8.356726849181053129e-01
9.029846151900944307e-01,-4.182880152037752458e-02,4.276320091452105454e-01
1.969016224064634724e-01,9.248804672606507626e-01,-3.253088867146843866e-01
-3.819012126022862108e-01,3.779503558627286264e-01,8.433889920292453324e-01
9.016579981994881088e-01,6.696601052622629113e-02,4.272334336984652259e-01
9.902525925441439669e-02,9.297155571468657120e-01,-3.547153509922306713e-01
-4.209594427459250610e-01,3.621388343262245124e-01,8.316541419343427277e-01
8.917849807646526239e-01,1.718915491785962257e-01,4.185365486513022981e-01
2.312652952732602296e-02,9.064997120505078332e-01,-4.215725739230571367e-01
-4.518680245882913948e-01,3.856313870102178187e-01,8.044275736625338125e-01
8.830288093751342826e-01,2.471243712319179942e-01,3.989857968787172693e-01
-1.386113403301411466e-02,8.634998917518972306e-01,-5.041585120838727452e-01
-4.691140486221491157e-01,4.396560944855700259e-01,7.659207057711633349e-01
8.813335639413127920e-01,2.909252308268722720e-01,3.723085525392227368e-01
-1.913163199537737391e-02,8.092899441435292829e-01,-5.870977485594054412e-01
-4.721071166097256522e-01,5.103060803748362684e-01,7.188202656724788087e-01
8.858457934274749368e-01,3.137641567718585378e-01,3.418029890856220665e-01
-7.523771343179573579e-03,7.462936472649839281e-01,-6.655743266641259703e-01
-4.639187676564973661e-01,5.870245694901272682e-01,6.634617783972512894e-01
8.931034228036317524e-01,3.276335464655190099e-01,3.082572538695944053e-01
8.533522417012788866e-03,6.727801031826259326e-01,-7.397932894763022960e-01
-4.497704470682316602e-01,6.633424387990287663e-01,5.980663453126834339e-01
8.990553979142910102e-01,3.437228789363102055e-01,2.712083574183986046e-01
1.970259604664161002e-02,5.870419235772231792e-01,-8.093167408803068064e-01
-4.373913569024568404e-01,7.329640929183246501e-01,5.210109777761454675e-01
8.997159399136065439e-01,3.705552843046434064e-01,2.306512690099793705e-01
2.070010875858829466e-02,4.916200667664050727e-01,-8.705637339376036676e-01
-4.359847851320906020e-01,7.880345742585507240e-01,4.346478764131849193e-01
8.910650081047438720e-01,4.127552511308700822e-01,1.887756688542555350e-01
1.089329998449027961e-02,3.963509404695824134e-01,-9.180344587224896769e-01
-4.537449583675607911e-01,8.200847722131220374e-01,3.486781878813851043e-01
8.696471796522521336e-01,4.697758967004975195e-01,1.517378955880469005e-01
-6.446540459574056497e-03,3.181448976292773345e-01,-9.480201820775452370e-01
-4.936316692983127585e-01,8.234648929470307355e-01,2.797022429539203769e-01
8.367330977372414713e-01,5.321158406026197385e-01,1.293462581023619440e-01
-2.591313353110413775e-02,2.744105563623736588e-01,-9.612634162733355581e-01
-5.469974703427213925e-01,8.009691489863284275e-01,2.433971844012826347e-01
8.022978035981606082e-01,5.827869203617889182e-01,1.291419333519829571e-01
-4.278780160271136723e-02,2.719362803278765894e-01,-9.613635435534316764e-01
-5.953884767748272022e-01,7.657741597790060917e-01,2.431100522434970490e-01
7.811314543752136963e-01,6.064947303762966424e-01,1.483165269396673758e-01
-5.298615757683353827e-02,3.010825950538267848e-01,-9.521248539236817354e-01
-6.221142322649496625e-01,7.358759487206917305e-01,2.673209113981662166e-01
7.823744026408882002e-01,5.978825022446480064e-01,1.744328144388847812e-01
-5.232229253823970916e-02,3.421814571557220686e-01,-9.381760109279764226e-01
-6.206066964604717295e-01,7.248781710452992799e-01,2.989965969923592537e-01
8.027057394988873495e-01,5.634060711413301226e-01,1.955430743519107062e-01
-3.971955185689725332e-02,3.776639149823988739e-01,-9.250904409402137540e-01
-5.950511346800994028e-01,7.348085228922199841e-01,3.255312294744774348e-01
8.294540958355701710e-01,5.185635821092582365e-01,2.075998876719820363e-01
-2.050228675361981043e-02,3.996734809492716312e-01,-9.164282646570798274e-01
-5.581984943248202713e-01,7.558789049382126368e-01,3.421425456809024657e-01
8.501552087009439651e-01,4.815992345023155652e-01,2.128339672016507644e-01
-3.749150723083702862e-03,4.097450188346625777e-01,-9.121923935266018635e-01
-5.265188172600789862e-01,7.747071678091037583e-01,3.501524507671456843e-01
8.570920918077374884e-01,4.681695311924660707e-01,2.149661261050692940e-01
2.266169937367704026e-03,4.138473051159702876e-01,-9.103434911729485490e-01
-5.151582383893069661e-01,7.807353566332762007e-01,3.536443013598279395e-01
8.415603742018904487e-01,4.945220271750285224e-01,2.173110681959647683e-01
-1.115671239075522597e-02,4.181337953780068784e-01,-9.083169360583472907e-01
-5.400478351737472149e-01,7.619790632310539102e-01,3.574020739777075129e-01
7.885682521121240018e-01,5.729706131403430325e-01,2.233042484743134048e-01
-5.301727081472129566e-02,4.251205653623188474e-01,-9.035826875834104266e-01
-6.126575557682130135e-01,7.006976383897730587e-01,3.656139199714326105e-01
6.866128554185438881e-01,6.873987952145312885e-01,2.367396930375914588e-01
-1.221999659186795151e-01,4.301137363451221218e-01,-8.944659532568589588e-01
-7.166798133504769241e-01,5.852222392882578950e-01,3.793217306454451099e-01
5.443751997136455634e-01,7.978000706524250862e-01,2.591730856998466503e-01
-2.041598213455496635e-01,4.256841444854733703e-01,-8.815394352383947307e-01
-8.136180976667127807e-01,4.269754745458115841e-01,3.946106116751842419e-01
3.832878750877604657e-01,8.782550450871413616e-01,2.859343976097716844e-01
-2.841601122329021067e-01,4.066898310200567357e-01,-8.682490491549671452e-01
-8.788307202042590083e-01,2.515381817501833872e-01,4.054443339198172125e-01
2.229633489602872443e-01,9.247268161068171732e-01,3.084925602654882693e-01
-3.533674756056945920e-01,3.716041944558672316e-01,-8.585113565024047322e-01
-9.085256030327665266e-01,8.240532897306916682e-02,4.096224968808955813e-01
8.594824557577901425e-02,9.426714423687475586e-01,3.224646491779344371e-01
-4.047566918226254695e-01,3.287867149954402657e-01,-8.532709510247646900e-01
-9.103762510898680826e-01,-5.718258437435119051e-02,4.098112163613857883e-01
-1.041440437179894270e-02,9.440019682594925632e-01,3.297754133452316383e-01
-4.364852615786258827e-01,2.924233591215857908e-01,-8.508637933645164519e-01
-8.996511299331352296e-01,-1.528033481756840561e-01,4.089975314788896754e-01
-5.998344879797162105e-02,9.405091045591210674e-01,3.344317707000822870e-01
-4.513649493880652619e-01,2.732711536881897163e-01,-8.494660431226241926e-01
-8.903211034779513477e-01,-2.019046831791863061e-01,4.081210986599658752e-01
-7.579522267579193173e-02,9.378884070157914588e-01,3.385563754318604013e-01
-4.559326663907590782e-01,2.693617170995868393e-01,-8.482745242374424288e-01
-8.867809689525811834e-01,-2.186540684539425849e-01,4.071976313919761781e-01
