-9.884129193032570315e-01,1.282402224073848906e-01,-8.120558054294953199e-02
1.286651554013960030e-01,9.916880950104900450e-01,-1.935361592077650262e-18
8.053060747285853416e-02,-1.044832864001918327e-02,-9.966973731723599572e-01
-9.885414966484900035e-01,1.272442502831801769e-01,-8.120720518430048218e-02
1.276669192683539678e-01,9.918170988470910165e-01,-1.261323060374081411e-05
8.054108969031351095e-02,-1.037994241013133305e-02,-9.966972407241206922e-01
-9.886571039689127094e-01,1.263432029593560268e-01,-8.120668591815992376e-02
1.267625525862988434e-01,9.919330900765478409e-01,-8.551143761136231687e-06
8.055051851883804348e-02,-1.030242094308620425e-02,-9.966972830750309154e-01
-9.887637324502785985e-01,1.255075524229263551e-01,-8.120428360546329272e-02
1.259225787495869553e-01,9.920400717984029226e-01,1.037325380953882975e-05
8.055920526012946836e-02,-1.021519609995785380e-02,-9.966974787851918816e-01
-9.888622684258053797e-01,1.247314821217120895e-01,-8.120019366735305166e-02
1.251412737304511413e-01,9.921389316913804546e-01,4.280292327384843459e-05
8.056721227056806711e-02,-1.011916946688650593e-02,-9.966978111327554624e-01
-9.889524941003666747e-01,1.240177494719950091e-01,-8.119459482467535072e-02
1.244215087906203610e-01,9.922294495231469558e-01,8.746704587700348458e-05
8.057451559372821870e-02,-1.001585324055409565e-02,-9.966982643316784074e-01
-9.890335825402249981e-01,1.233739652601485021e-01,-8.118766719069958615e-02
1.237710291563570708e-01,9.923107939971597125e-01,1.430395139010739276e-04
8.058104584539110826e-02,-9.907210240111792923e-03,-9.966988222314424606e-01
-9.891066874315551649e-01,1.227918433829101597e-01,-8.117957918767972070e-02
1.231816259942269121e-01,9.923841210202013485e-01,2.082484811398115749e-04
8.058689655264458795e-02,-9.793852596511833444e-03,-9.966994695283941663e-01
-9.891726987287658979e-01,1.222649847603768380e-01,-8.117047241166057414e-02
1.226469683914768460e-01,9.924503219909268648e-01,2.820086880300399926e-04
8.059214127009568795e-02,-9.676357069174251410e-03,-9.967001930789314290e-01
-9.892289237328915075e-01,1.218158865934101526e-01,-8.116049669703778724e-02
1.221897256104903934e-01,9.925066947352972901e-01,3.631349320624867988e-04
8.059657192483765664e-02,-9.557755243785463414e-03,-9.967009791881406011e-01
-9.892755196350691005e-01,1.214440352279468616e-01,-8.114981551883417021e-02
1.218094917228206564e-01,9.925533965324080388e-01,4.502959406967560843e-04
8.060021077879693518e-02,-9.439351030997897296e-03,-9.967018133236162925e-01
-9.893135246496115309e-01,1.211415772354704212e-01,-8.113857412306361983e-02
1.214984862238691343e-01,9.925914687223702515e-01,5.422873758661821662e-04
8.060315000860021617e-02,-9.321721695087810053e-03,-9.967026827113147913e-01
-9.893409737702693052e-01,1.209250227046070603e-01,-8.112691602467329843e-02
1.212733734653860945e-01,9.926189409788617191e-01,6.378965091973964798e-04
8.060525112103876511e-02,-9.207437631538587658e-03,-9.967035750901825919e-01
-9.893559159602850483e-01,1.208107107371201444e-01,-8.111500308877526988e-02
1.211506608480827640e-01,9.926338580223432739e-01,7.357313992174845845e-04
8.060638269475260687e-02,-9.099236016478365677e-03,-9.967044772598130375e-01
-9.893577651208987911e-01,1.208036245174667067e-01,-8.110300178762029633e-02
1.211354668731316753e-01,9.926356343386658621e-01,8.343423388935132566e-04
8.060652120688052702e-02,-8.998986914551887831e-03,-9.967053762241910864e-01
-9.893466478036224698e-01,1.209026439062278746e-01,-8.109106718242028999e-02
1.212267792160187790e-01,9.926243996177214202e-01,9.323674935905505116e-04
8.060569757335261931e-02,-8.907974243358360300e-03,-9.967062604090101141e-01
-9.893228777321577683e-01,1.211048498794589506e-01,-8.107933726930786900e-02
1.214217687855728145e-01,9.926004715377911847e-01,1.028589782270479406e-03
8.060395561847959189e-02,-8.827189139749646793e-03,-9.967071200206772952e-01
-9.892868768909008903e-01,1.214062008040259488e-01,-8.106793212121787828e-02
1.217164671126735875e-01,9.925642764543702867e-01,1.121950879073756744e-03
8.060134518483492994e-02,-8.757371012694277826e-03,-9.967079470142590214e-01
-9.892393493509539226e-01,1.218001642639162246e-01,-8.105695332085958993e-02
1.221043928438569209e-01,9.925165234926250912e-01,1.211561221320090398e-03
8.059793387190662683e-02,-8.698886036697646082e-03,-9.967087350255076084e-01
-9.891815881942173094e-01,1.222753172886551914e-01,-8.104648271366715617e-02
1.225741428302124375e-01,9.924585120211506517e-01,1.296714771498032369e-03
8.059382784942169253e-02,-8.651516770891442415e-03,-9.967094793438280309e-01
-9.891138727049728629e-01,1.228284109437067784e-01,-8.103658611032259207e-02
1.231225025983979510e-01,9.923905247760304027e-01,1.376857426638513357e-03
8.058905742608483969e-02,-8.615558502481308889e-03,-9.967101765424980497e-01
-9.890361999582282237e-01,1.234583688518440664e-01,-8.102731843960470082e-02
1.237484287658681958e-01,9.923125613731902384e-01,1.451540991473187266e-03
8.058363078468684659e-02,-8.591376757703104647e-03,-9.967108240348024895e-01
-9.889492535114279281e-01,1.241585297387610143e-01,-8.101872297979866022e-02
1.244452653605684495e-01,9.922253092314355927e-01,1.520429729126447378e-03
8.057760178074689639e-02,-8.578768634747468633e-03,-9.967114200597637641e-01
-9.888542480461151030e-01,1.249180592321913058e-01,-8.101083013956246470e-02
1.252021594514040048e-01,9.921299876812098573e-01,1.583310787127605599e-03
8.057105801717201476e-02,-8.577067274591098842e-03,-9.967119637029496770e-01
-9.887525830048559117e-01,1.257248456253761415e-01,-8.100365914515675336e-02
1.260069678058103881e-01,9.920280007498099017e-01,1.640078346454612937e-03
8.056409662938010530e-02,-8.585393768671142553e-03,-9.967124547297323556e-01
-9.886449897930043029e-01,1.265722496185025525e-01,-8.099722084757955687e-02
1.268530312385850733e-01,9.919200824893380508e-01,1.690706152040227566e-03
8.055676646209283809e-02,-8.603234819997498256e-03,-9.967128933630449161e-01
-9.885319963208050176e-01,1.274553492017327649e-01,-8.099151937905783860e-02
1.277354085284626850e-01,9.918067626592337316e-01,1.735229488733204539e-03
8.054910091425390717e-02,-8.630154944665601943e-03,-9.967132801555133037e-01
-9.884136793791951092e-01,1.283728044455099970e-01,-8.098655133087311053e-02
1.286527471590556970e-01,9.916881185829380385e-01,1.773747916566947120e-03
8.054110170909317690e-02,-8.665945607167194545e-03,-9.967136160376728338e-01
-9.882902308129855040e-01,1.293224119615679901e-01,-8.098230328768397934e-02
1.296028217327002408e-01,9.915643425626006202e-01,1.806441353108848144e-03
8.053277766559002737e-02,-8.710246674705003286e-03,-9.967139024806237479e-01
-9.881622997464442060e-01,1.302985469548162689e-01,-8.097875044184385529e-02
1.305799668784337897e-01,9.914360848358110267e-01,1.833578202509086961e-03
8.052416786187507891e-02,-8.762329697222513356e-03,-9.967141415885854006e-01
-9.880308179308445737e-01,1.312936149476047198e-01,-8.097585748137514639e-02
1.315765345930805519e-01,9.913042785731495110e-01,1.855505424744421407e-03
8.051532998999816337e-02,-8.821226170646965029e-03,-9.967143360458671220e-01
-9.878968094912465858e-01,1.322995580176150043e-01,-8.097358055190914672e-02
1.325844069705971462e-01,9.911699492806705925e-01,1.872630124271395819e-03
8.050632785880774966e-02,-8.885868832669455847e-03,-9.967144890000327884e-01
-9.877613170714403257e-01,1.333084268946222450e-01,-8.097187053711953075e-02
1.335955724629678543e-01,9.910341408785081629e-01,1.885391781726448480e-03
8.049722675753860635e-02,-8.955166328327391831e-03,-9.967146038617927806e-01
-9.876252550711188682e-01,1.343134581985673814e-01,-8.097067675768830630e-02
1.346032091147301712e-01,9.908977687164628456e-01,1.894232573133290210e-03
8.048808384989566966e-02,-9.028121007612542603e-03,-9.967146840785027218e-01
-9.874892500775914739e-01,1.353101914195100064e-01,-8.096995171900413235e-02
1.356028081893396464e-01,9.907614597585415739e-01,1.899561405432385061e-03
8.047893757067091369e-02,-9.103956364369746035e-03,-9.967147328354761804e-01
-9.873539384710580125e-01,1.362942246794716095e-01,-8.096965176452007584e-02
1.365899228471842142e-01,9.906258508572410859e-01,1.901749608139847612e-03
8.046982765281242289e-02,-9.181938521943528927e-03,-9.967147530281740275e-01
-9.872211187032731150e-01,1.372529299441041795e-01,-8.096972279890812807e-02
1.375518473537389597e-01,9.904927433615637877e-01,1.901235151542061920e-03
8.046087295110723736e-02,-9.260595457535505948e-03,-9.967147482368945433e-01
-9.870928771190423667e-01,1.381719801243455337e-01,-8.097009232680887902e-02
1.384741613014080219e-01,9.903642269933775610e-01,1.898577503018648903e-03
8.045221310182718022e-02,-9.338193295613918601e-03,-9.967147232811910396e-01
-9.869705973088869211e-01,1.390423991472798937e-01,-8.097068166348642126e-02
1.393478104818205165e-01,9.902416872339658838e-01,1.894366882752702725e-03
8.044394173555170779e-02,-9.413402789283931149e-03,-9.967146834141953349e-01
-9.868548278002966523e-01,1.398612818833334659e-01,-8.097141890205696024e-02
1.401698367645548282e-01,9.901256728739837865e-01,1.889132086117636640e-03
8.043609705202514615e-02,-9.485451450605607293e-03,-9.967146334553709242e-01
-9.867464996877198802e-01,1.406230475951824321e-01,-8.097224117400242394e-02
1.409346036640875821e-01,9.900171163200982560e-01,1.883327067430321270e-03
8.042874389431732551e-02,-9.553424326141613313e-03,-9.967145776380359479e-01
-9.866465852077321852e-01,1.413218813757179948e-01,-8.097309271509330053e-02
1.416362445395877856e-01,9.899169913849227287e-01,1.877347189683158850e-03
8.042195055453935093e-02,-9.616446567012300675e-03,-9.967145197377597077e-01
-9.865561229027040024e-01,1.419515400560820984e-01,-8.097392568111377864e-02
1.422684681491799830e-01,9.898263385003823744e-01,1.871525747270570261e-03
8.041579032772709634e-02,-9.673671181574149819e-03,-9.967144630125127636e-01
-9.864772897668991902e-01,1.424979112801009473e-01,-8.097470009882373754e-02
1.428170928691211705e-01,9.897473392446920482e-01,1.866136326032723832e-03
8.041041449297231525e-02,-9.723670158854344839e-03,-9.967144102004712458e-01
-9.864131675320890746e-01,1.429407213996862491e-01,-8.097538567979670199e-02
1.432617611365971655e-01,9.896830821382960330e-01,1.861382026250932818e-03
8.040603656265021826e-02,-9.764584620728718189e-03,-9.967143633902636468e-01
-9.863656379670271424e-01,1.432680033325418600e-01,-8.097596840893010739e-02
1.435904588350414290e-01,9.896354532798672388e-01,1.857352073818297877e-03
8.040278832103157913e-02,-9.795348195252602877e-03,-9.967143235635723686e-01
-9.863357002434787191e-01,1.434736910039035862e-01,-8.097645593321338431e-02
1.437971046360645155e-01,9.896054544316020829e-01,1.853986923386530391e-03
8.040074081645147419e-02,-9.815526416586362393e-03,-9.967142902188996789e-01
-9.863245298654995663e-01,1.435502239800170721e-01,-8.097687930085670227e-02
1.438741310013945396e-01,9.895942643247589432e-01,1.851067549934481060e-03
8.039997645847403451e-02,-9.824724809697088848e-03,-9.967142612474653163e-01
-9.863324297784797912e-01,1.434957005775611971e-01,-8.097729239302801918e-02
1.438196606939500799e-01,9.896021873904385924e-01,1.848219255287651382e-03
8.040051719652648032e-02,-9.823168127069075925e-03,-9.967142329706312198e-01
-9.863578567111704887e-01,1.433205497876411660e-01,-8.097776554621922973e-02
1.436441973283994200e-01,9.896276778266773766e-01,1.844954169498698275e-03
8.040225791804665734e-02,-9.812201092998979607e-03,-9.967142005777437364e-01
-9.863972649747750898e-01,1.430487291641898417e-01,-8.097837201890718817e-02
1.433718197398284877e-01,9.896671828951353334e-01,1.840762417726100365e-03
8.040495603537638203e-02,-9.794293541631485245e-03,-9.967141590544909002e-01
-9.864466580352378999e-01,1.427072672182916335e-01,-8.097917469419134429e-02
1.430296822905524345e-01,9.897166978568413542e-01,1.835202418567141855e-03
8.040833809522206221e-02,-9.772096336077435927e-03,-9.967141040930739271e-01
-9.865076384869619908e-01,1.422845060095710712e-01,-8.098023559104082503e-02
1.426061245536900390e-01,9.897778297499378874e-01,1.827833644410024969e-03
8.041251424313079765e-02,-9.745105711024534823e-03,-9.967140314391927935e-01
-9.865844501302851732e-01,1.417501207254842355e-01,-8.098164011229871950e-02
1.420707713829504892e-01,9.898548331111333143e-01,1.818044568257085264e-03
8.041777589568807616e-02,-9.711469577965948022e-03,-9.967139352286492615e-01
-9.866783170484157983e-01,1.410941940724625976e-01,-8.098349872265508953e-02
1.414137382780767116e-01,9.899489362974612794e-01,1.805034993868316487e-03
8.042420837624252028e-02,-9.671190403292728721e-03,-9.967138078627960640e-01
-9.867901256766307139e-01,1.403086799762675030e-01,-8.098593822519165042e-02
1.406270291910194092e-01,9.900610295248927217e-01,1.787870138498021426e-03
8.043187507583891838e-02,-9.624559300247853902e-03,-9.967136405870318239e-01
-9.869183791356539448e-01,1.394018651567822953e-01,-8.098909133245030256e-02
1.397190405604597785e-01,9.901896144434048086e-01,1.765547265696641895e-03
8.044067770297874675e-02,-9.573267091143712257e-03,-9.967134241753615731e-01
-9.870612898393013035e-01,1.383839961594789114e-01,-8.099308431899045202e-02
1.387001338926420468e-01,9.903329013121856539e-01,1.737078574386286987e-03
8.045050005515294589e-02,-9.519148621299504745e-03,-9.967131497353144409e-01
-9.872136710573354845e-01,1.372897987473175874e-01,-8.099801748946054702e-02
1.376052182506353472e-01,9.904856931655416918e-01,1.701631911988246964e-03
8.046099420135709168e-02,-9.465875587950527137e-03,-9.967128099998422419e-01
-9.873743110046226956e-01,1.361261460377120869e-01,-8.100396492073218269e-02
1.364412443800779307e-01,9.906467766528325170e-01,1.658537683087921806e-03
8.047208708819623968e-02,-9.414684271459715370e-03,-9.967123993045113872e-01
-9.875447762240459060e-01,1.348796956180640105e-01,-8.101100334152640248e-02
1.351948846017217154e-01,9.908177231422646836e-01,1.607076131827840778e-03
8.048389982030618173e-02,-9.365213609316523288e-03,-9.967119115634776039e-01
-9.877311665201556901e-01,1.335028998528594024e-01,-8.101924719127598373e-02
1.338185194241617026e-01,9.910046483905408099e-01,1.546200925371891488e-03
8.049687288340419411e-02,-9.314644860374818661e-03,-9.967113377787679696e-01
-9.879498623700186943e-01,1.318688071062376899e-01,-8.102892789166921128e-02
1.321849422112912897e-01,9.912239750491117496e-01,1.473889669368778433e-03
8.051217607167200641e-02,-9.254675054871137549e-03,-9.967106603743910442e-01
-9.882014687394606867e-01,1.299627433718711644e-01,-8.104037583983132731e-02
1.302796713578497079e-01,9.914763148531827719e-01,1.387200918147878581e-03
8.052989762930271023e-02,-9.187079546447396786e-03,-9.967098540535102025e-01
-9.884832764292273977e-01,1.277930874630847924e-01,-8.105392659343013673e-02
1.281113753059898996e-01,9.917589574068400582e-01,1.282938165309128326e-03
8.054990836153982925e-02,-9.115767088800496784e-03,-9.967088918350027749e-01
-9.887938864215528589e-01,1.253567739144590965e-01,-8.106990445858271166e-02
1.256772548573053261e-01,9.920705052011374869e-01,1.157726326652435333e-03
8.057218991051702528e-02,-9.043890330020034479e-03,-9.967077456653288259e-01
-9.891357031462764127e-01,1.226180726783596547e-01,-8.108864910543656102e-02
1.229417766866850031e-01,9.924133735787694643e-01,1.007717364273305301e-03
8.059702417893253867e-02,-8.972413366525384959e-03,-9.967063837955497663e-01
-9.895098930575525475e-01,1.195460316283444985e-01,-8.111052868090123935e-02
1.198742592952897063e-01,9.927887367377306038e-01,8.283539552003255091e-04
8.062464573355999919e-02,-8.903400113110162412e-03,-9.967047687112104981e-01
-9.899073461497677195e-01,1.161913038377399149e-01,-8.113585490354399687e-02
1.165259038900220145e-01,9.931874624208444358e-01,6.149924391528744077e-04
8.065457061647375581e-02,-8.845643297242199860e-03,-9.967028618580775490e-01
-9.903318499968924993e-01,1.124948279916872657e-01,-8.116489731741090285e-02
1.128378595784381849e-01,9.936133482969031760e-01,3.626750343020321006e-04
8.068732445337437054e-02,-8.799304648592968375e-03,-9.967006210046984727e-01
-9.907980735827619512e-01,1.082869074925073560e-01,-8.119804831444958626e-02
1.086404560454229395e-01,9.940811069458528326e-01,6.421713532917727914e-05
8.072439962524870227e-02,-8.757766784965431359e-03,-9.966979847607058129e-01
-9.905958881142883365e-01,1.101204580591126081e-01,-8.119896038493303048e-02
1.104807625530753318e-01,9.938782611464278549e-01,5.591540495229709360e-05
8.070803898426526235e-02,-8.915533491676830985e-03,-9.966979109568959716e-01
-9.904056312049789312e-01,1.118180609925339269e-01,-8.119979626215578783e-02
1.121846042198703375e-01,9.936873815395261822e-01,4.842972443198441835e-05
8.069262824714892868e-02,-9.061401934669349040e-03,-9.966978432511589547e-01
-9.902275515107348269e-01,1.133837082762495785e-01,-8.120055988883138898e-02
1.137559918468131065e-01,9.935087179190016382e-01,4.169142945539452267e-05
8.067819127831650505e-02,-9.195766226622376430e-03,-9.966977813437378764e-01
-9.900570734774256643e-01,1.148622978610605860e-01,-8.120125483679668799e-02
1.152399769212134051e-01,9.933376799704770610e-01,3.564201424593254703e-05
8.066436001391491528e-02,-9.322343105109235847e-03,-9.966977249610535772e-01
-9.898923184232435446e-01,1.162731785089519965e-01,-8.120188351115575909e-02
1.166559757899367222e-01,9.931723830224012950e-01,3.023882837513051187e-05
8.065098411735431572e-02,-9.442751773108349136e-03,-9.966976739211429459e-01
-9.897336860029851691e-01,1.176154462588522992e-01,-8.120244818940677844e-02
1.180030846153558577e-01,9.930132281969709096e-01,2.544357243725470246e-05
8.063809777116914823e-02,-9.556957003995548289e-03,-9.966976280500690066e-01
-9.895834990437174516e-01,1.188721119560798845e-01,-8.120295203483582358e-02
1.192642615088820718e-01,9.928625461145414999e-01,2.121259115997893609e-05
8.062589129481743944e-02,-9.663618476652306721e-03,-9.966975870999267295e-01
-9.894445570464796003e-01,1.200228161949254968e-01,-8.120339970353751546e-02
1.204190840236790822e-01,9.927231456439497004e-01,1.749177307787203866e-05
8.061459380252561369e-02,-9.761131872303983534e-03,-9.966975506996025302e-01
-9.893125884458743302e-01,1.211055156718531117e-01,-8.120379557666342063e-02
1.215056386122064930e-01,9.925907412338489388e-01,1.423237834846926738e-05
8.060385926194298112e-02,-9.852638768274165140e-03,-9.966975184986385239e-01
-9.891851586544824215e-01,1.221417585065515676e-01,-8.120414229774119974e-02
1.225455473677189433e-01,9.924628903342440633e-01,1.140291217389403282e-05
8.059349054365584630e-02,-9.939926474975232726e-03,-9.966974902866078123e-01
-9.890610319258424932e-01,1.231426562848777773e-01,-8.120444155691333710e-02
1.235499604918334354e-01,9.923383531750062936e-01,8.981356049847183948e-06
8.058338779310560140e-02,-1.002392243689552084e-02,-9.966974659297201944e-01
-9.889406997111147568e-01,1.241051569867368809e-01,-8.120469483882078454e-02
1.245158174298187370e-01,9.922176228841059764e-01,6.948366895242568340e-06
8.057359160814932253e-02,-1.010439743423574219e-02,-9.966974453101675735e-01
-9.888264371231640926e-01,1.250121624713288193e-01,-8.120490428680422756e-02
1.254259653398401564e-01,9.921029821500246815e-01,5.280028660069308096e-06
8.056428777592736235e-02,-1.017998247863410172e-02,-9.966974282558636045e-01
-9.887176807420826607e-01,1.258693131638457252e-01,-8.120507244832039784e-02
1.262860654821275630e-01,9.919938657319014030e-01,3.950122842211984550e-06
8.055543093427826318e-02,-1.025116354045448736e-02,-9.966974145612196301e-01
-9.886144412554459526e-01,1.266775503420532745e-01,-8.120520168189217236e-02
1.270970641948478974e-01,9.918902843887108522e-01,2.934927361007035554e-06
8.054702237948381527e-02,-1.031804121960606078e-02,-9.966974040355225384e-01
-9.885220986419488431e-01,1.273960772272996478e-01,-8.120529541409900187e-02
1.278180320838769035e-01,9.917976359467852721e-01,2.203110178330664295e-06
8.053950068563865694e-02,-1.037732323158313714e-02,-9.966973964006404785e-01
-9.884486823334813765e-01,1.279644166832127616e-01,-8.120535977266027383e-02
1.283882958404904129e-01,9.917239764614720343e-01,1.703202791621181264e-06
8.053352025305927919e-02,-1.042413422583078446e-02,-9.966973911580445655e-01
-9.883923009172603802e-01,1.283991518236049234e-01,-8.120540190246108847e-02
1.288244982847118469e-01,9.916674082776320009e-01,1.377259895746581221e-06
8.052892728173990933e-02,-1.045988388507575195e-02,-9.966973877260455472e-01
-9.883523610003895898e-01,1.287062118335850491e-01,-8.120542802104555036e-02
1.291325923131353970e-01,9.916273360498827349e-01,1.175782763818705917e-06
8.052567359182571938e-02,-1.048510534264482201e-02,-9.966973855983052299e-01
-9.883285912200274748e-01,1.288886018351927676e-01,-8.120544374413622701e-02
1.293155966229353471e-01,9.916034875237287327e-01,1.054730178900701411e-06
8.052373716527581882e-02,-1.050008798687148900e-02,-9.966973843174095071e-01
-9.883206313045330704e-01,1.289496178816384730e-01,-8.120545416205576794e-02
1.293768214342782552e-01,9.915955012377238864e-01,9.745992832250947689e-07
8.052308869724614238e-02,-1.050514032609501866e-02,-9.966973834686960743e-01
-9.883223903789628562e-01,1.289361293181663926e-01,-8.120546306584973395e-02
1.293632938015014944e-01,9.915972661399813370e-01,9.061273339639494758e-07
8.052323200425920424e-02,-1.050411063100193873e-02,-9.966973827433280864e-01
-9.883280315597753329e-01,1.288928752625865537e-01,-8.120547234885083787e-02
1.293199022874646220e-01,9.916029260101764109e-01,8.347232280409319236e-07
8.052369157901612118e-02,-1.050065876905606661e-02,-9.966973819870621476e-01
-9.883384477841713478e-01,1.288129734999990672e-01,-8.120548312361670906e-02
1.292397425777226938e-01,9.916133767442621982e-01,7.518043055373570611e-07
8.052454017248708573e-02,-1.049423269775558686e-02,-9.966973811092587621e-01
-9.883524842429869395e-01,1.287052222713065408e-01,-8.120549643026787889e-02
1.291316427277718337e-01,9.916274597076689679e-01,6.493249683954436997e-07
8.052568371094134814e-02,-1.048555739067924195e-02,-9.966973800251771598e-01
-9.883665116484939839e-01,1.285974469303592105e-01,-8.120551270977284519e-02
1.290235205754248493e-01,9.916415335887900362e-01,5.238438083346943295e-07
8.052682652433970634e-02,-1.047690339032994640e-02,-9.966973786988851947e-01
-9.883809786127023544e-01,1.284861964814035251e-01,-8.120553201608213256e-02
1.289119137273425919e-01,9.916560484862140257e-01,3.749033466900250307e-07
8.052800516417406296e-02,-1.046798999016359047e-02,-9.966973771259783899e-01
-9.883965269716137314e-01,1.283665197069611130e-01,-8.120555454185665600e-02
1.287918546860093993e-01,9.916716483628924550e-01,2.009671190708004769e-07
8.052927192617567731e-02,-1.045841534510922981e-02,-9.966973752907496431e-01
-9.884129193030949390e-01,1.282402224073714847e-01,-8.120558054294793604e-02
1.286651554025367850e-01,9.916880950104826065e-01,-2.803169215397415873e-19
8.053060747283659337e-02,-1.044832864017175914e-02,-9.966973731723401952e-01
