7.841232500410886264e-01,3.539400541351844787e-02,6.195950234837174220e-01
5.904422614679156744e-01,2.649176761631221733e-01,-7.623624864386919775e-01
-1.911247357556159487e-01,9.636212374357048249e-01,1.868299926275944767e-01
7.843001235241351399e-01,-8.586571589581591321e-03,6.203221639031474277e-01
5.941566486511601353e-01,2.980451100700399203e-01,-7.470923565577973768e-01
-1.784690256155460897e-01,9.545131655209515564e-01,2.388585852425504918e-01
7.812774587309798680e-01,-8.769266538959816226e-02,6.179931463371578504e-01
6.128049877867695061e-01,2.959499192211610952e-01,-7.327234759833280986e-01
-1.186405471343433549e-01,9.511696177622291914e-01,2.849575035430400582e-01
7.684081994597679044e-01,-1.827378483129721287e-01,6.133153493958929392e-01
6.393350769511106924e-01,2.615449209584655432e-01,-7.230801571759297719e-01
-2.827540249861696872e-02,9.477347377418673391e-01,3.178039781031444799e-01
7.443298595894654035e-01,-2.716729010392179289e-01,6.100548294832259799e-01
6.639419020607348898e-01,2.028394966114122899e-01,-7.197480734976047234e-01
7.179283262899081863e-02,9.407709463343885137e-01,3.313545166842422063e-01
7.160092365363296407e-01,-3.364536155427067521e-01,6.116614568511657968e-01
6.797430956070324992e-01,1.364582925233421562e-01,-7.206444743265983943e-01
1.589971609064662339e-01,9.317607520196596882e-01,3.264074200033736939e-01
6.918601474499853632e-01,-3.735124982407945216e-01,6.179141931084652928e-01
6.870125577350848500e-01,7.725874490961727459e-02,-7.225266997493178245e-01
2.221334776505080322e-01,9.244022392925542730e-01,3.100600234046935189e-01
6.733096577631092483e-01,-3.926270469515815154e-01,6.264966933532748472e-01
6.895545701513312586e-01,2.772696001332628640e-02,-7.237027777155672359e-01
2.667744357229422936e-01,9.192797276713227106e-01,2.894066045451604841e-01
6.572953820693244742e-01,-4.050131677353616122e-01,6.355526057606002421e-01
6.897819727098807308e-01,-1.640047675038863034e-02,-7.238313715833800677e-01
3.035846024484795680e-01,9.141637480999763588e-01,2.685908241796735596e-01
6.416450554973150977e-01,-4.166365910271278561e-01,6.439763767331533328e-01
6.883746454004634474e-01,-5.748489165041971438e-02,-7.230738792151847338e-01
3.382779483415864763e-01,9.072537893364305273e-01,2.499171691136319595e-01
6.240606457145950747e-01,-4.321153070316386402e-01,6.510181809406708764e-01
6.851547838158364989e-01,-9.792911799978420984e-02,-7.217844623319739084e-01
3.756477508150356526e-01,8.964854986509884771e-01,2.349521611577177760e-01
6.004600538136553034e-01,-4.571594500345013135e-01,6.560891410721088057e-01
6.787779639999719228e-01,-1.423506562038168721e-01,-7.204143018212327831e-01
4.227389257795548527e-01,8.779188618178643821e-01,2.248338780317724883e-01
5.680491519425940883e-01,-4.929012966626744596e-01,6.590663644415299949e-01
6.673449626682138591e-01,-1.927849048522840003e-01,-7.193640811614074870e-01
4.816335347390439114e-01,8.484587746145672016e-01,2.194238957107524923e-01
5.283846257560155246e-01,-5.325225053144959642e-01,6.612332936330937994e-01
6.503416095600715874e-01,-2.467928404960119948e-01,-7.184351639210219131e-01
5.457705361649941578e-01,8.096376196932275615e-01,2.159200005677614498e-01
4.866041147242747833e-01,-5.656833891173549400e-01,6.657467527661873330e-01
6.294867729159940861e-01,-3.013791173255888634e-01,-7.161822605792056429e-01
6.057745771024046766e-01,7.675760098673531928e-01,2.094378925246951351e-01
4.480955004506624872e-01,-5.844741974735069290e-01,6.764616286015706637e-01
6.074742475662585628e-01,-3.560808694827389265e-01,-7.100573589069849589e-01
6.558852498923756214e-01,7.291065264293071779e-01,1.954947879202232897e-01
4.160824307178205839e-01,-5.853154807740588161e-01,6.959031533332828978e-01
5.864506058488330176e-01,-4.121440863537552679e-01,-6.972897095114009014e-01
6.949468308833723906e-01,6.982428231316398781e-01,1.717727050566818792e-01
3.927891669345892622e-01,-5.670673524330984705e-01,7.239829336019888428e-01
5.686409310970537145e-01,-4.689502781616238236e-01,-6.758203371477881083e-01
7.227476474042149324e-01,6.771412366869516974e-01,1.382591181896429822e-01
3.809721650776863866e-01,-5.300433822946742923e-01,7.575712655084705371e-01
5.579723671849102784e-01,-5.215375067766833128e-01,-6.454962947183140454e-01
7.372428683303936525e-01,6.686199532751310182e-01,9.705828760393080124e-02
3.831705276338636112e-01,-4.769083301216672233e-01,7.910365297601508194e-01
5.603353234043336739e-01,-5.608057141276094892e-01,-6.095254517754562507e-01
7.343055713461595913e-01,6.767978986907402517e-01,5.234436201069188332e-02
3.987483750239476099e-01,-4.134234796016927338e-01,8.185846076801440718e-01
5.802515150052006687e-01,-5.774785728512514815e-01,-5.743053867502255772e-01
7.101464023453285535e-01,7.039882985005695426e-01,9.620957841921125991e-03
4.233102696894562866e-01,-3.458687879709297364e-01,8.373668234911536556e-01
6.172559019586777440e-01,-5.664537361610292310e-01,-5.460085313517768490e-01
6.631768746639983281e-01,7.480006325637907905e-01,-2.629613314296249185e-02
4.512706875610829060e-01,-2.764412170787851619e-01,8.484898467563622981e-01
6.664273613032956067e-01,-5.279466140805655350e-01,-5.264474758360655482e-01
5.934891226244216611e-01,8.030271640521083887e-01,-5.401884067911455478e-02
4.770615067388386255e-01,-2.021112676234458339e-01,8.553147691277583897e-01
7.201041997648868209e-01,-4.680351047828829048e-01,-5.122431865857408617e-01
5.038474573626458008e-01,8.602872637794019006e-01,-7.774035965997520836e-02
4.953102148480383882e-01,-1.183233129672024431e-01,8.606203487461397961e-01
7.695344335224230115e-01,-3.999253079189528659e-01,-4.978719752564041978e-01
4.030937195186041766e-01,9.088780675814636112e-01,-1.070332265730509630e-01
5.028131810662541668e-01,-2.253170408981763559e-02,8.641013987125849560e-01
8.089482771061693445e-01,-3.400004025776700023e-01,-4.795856662319206154e-01
3.046007057465606738e-01,9.401553321654331219e-01,-1.527297007814968910e-01
5.001334284511371742e-01,8.360764283447409684e-02,8.619027298979362595e-01
8.370935758681000705e-01,-3.014769238727480483e-01,-4.564931649630505905e-01
2.216774661937486179e-01,9.498007298780709595e-01,-2.207661082468141966e-01
4.913418803123983936e-01,1.945217868467627176e-01,8.489666843246030936e-01
8.557631132530150175e-01,-2.891525878946500372e-01,-4.290224643981510599e-01
1.620266974360720091e-01,9.373110771791203222e-01,-3.085373461418208785e-01
4.814849552393658527e-01,3.026123008974681561e-01,8.225557933804539257e-01
8.674229450412509479e-01,-2.989111130870298338e-01,-3.977808202269546012e-01
1.254976985133874345e-01,9.050292491766313008e-01,-4.064140571560639903e-01
4.747246274449340442e-01,3.989065697686544065e-01,7.845445026846671333e-01
8.734201153991937305e-01,-3.234149492414903349e-01,-3.640605343562269280e-01
1.085072815649934241e-01,8.580654516100874041e-01,-5.019460634900433371e-01
4.739569975467607388e-01,4.747005233078451236e-01,7.416361490972501747e-01
8.740171132861535019e-01,-3.560030750226653162e-01,-3.306900305568919451e-01
1.070460190681863377e-01,8.049355401436890656e-01,-5.836265296126191826e-01
4.809349646145341106e-01,5.228954858437857567e-01,7.037626522454613065e-01
8.687834256641547848e-01,-3.922242859433866524e-01,-3.022837555318995117e-01
1.179699925383245196e-01,7.567961551418426192e-01,-6.429173045377756246e-01
4.954836398795038899e-01,5.391115343580268338e-01,6.810688042586064972e-01
8.575412637940655891e-01,-4.284177731786387167e-01,-2.847475944831988626e-01
1.382712679338438944e-01,7.251323776946541066e-01,-6.745843841446113043e-01
5.139915858366412849e-01,5.234317224185034423e-01,6.795821375344573978e-01
8.420869192737497899e-01,-4.588178819521124829e-01,-2.835062109289147037e-01
1.634082926506279232e-01,7.179870355374328161e-01,-6.766035373388227248e-01
5.303588301618268330e-01,4.814580126700745977e-01,6.977948791060493150e-01
8.268704614646218420e-01,-4.754177139448270695e-01,-3.004384084439611913e-01
1.870955671639246143e-01,7.363261365289782701e-01,-6.502453917217104751e-01
5.400563207207011995e-01,4.226467375280195116e-01,7.278110370892831860e-01
8.167078193416432708e-01,-4.720534860513085906e-01,-3.318943268181290818e-01
2.032916828055798542e-01,7.736505939997668779e-01,-6.001143642228047304e-01
5.424506088336291665e-01,3.570808336967777885e-01,7.604213405645787738e-01
8.138835872256584558e-01,-4.476903140603588072e-01,-3.703604854461465812e-01
2.081846378575266665e-01,8.197967192758346400e-01,-5.334721132944630906e-01
5.400473930069388251e-01,2.919781048739361617e-01,7.893653144048226045e-01
8.170478829972119827e-01,-4.069205920883209870e-01,-4.084707929102899815e-01
2.019444730936824361e-01,8.655428458724477858e-01,-4.583164973922301266e-01
5.365638823370180166e-01,2.290131145105466781e-01,8.121897521881911164e-01
8.221670685472138862e-01,-3.587009245195750817e-01,-4.420123959571323757e-01
1.901065795364402233e-01,9.049235548723889577e-01,-3.807530016796950023e-01
5.347721978811693644e-01,1.649057238763332878e-01,8.287489358141254536e-01
8.252215667078682815e-01,-3.128594964423400682e-01,-4.702428110654209292e-01
1.817362435706210977e-01,9.353742768273435315e-01,-3.033923203625304432e-01
5.352431366582304229e-01,9.461106549976579239e-02,8.393828274112804522e-01
8.241523857570407507e-01,-2.763262346355878640e-01,-4.943851303732749725e-01
1.851691921551285036e-01,9.563956076691065844e-01,-2.258756559237695138e-01
5.363776227621149806e-01,1.403060675789840131e-02,8.438614743442653943e-01
8.186372162148317644e-01,-2.518223605194734316e-01,-5.161575408733705128e-01
2.052611849299692259e-01,9.676717629695689160e-01,-1.465578559577266071e-01
5.351509548323392096e-01,-7.832198722982845751e-02,8.411177812099189799e-01
8.092927147440386326e-01,-2.379360203895916626e-01,-5.370584252137045045e-01
2.421957006511211430e-01,9.681178216266055347e-01,-6.394627483705746240e-02
5.288157817722478615e-01,-1.794271217348084313e-01,8.295539626476344797e-01
7.978329556573826586e-01,-2.283089685692533677e-01,-5.579763344158183980e-01
2.895106972542894064e-01,9.569121813898764373e-01,2.241948515308742063e-02
5.178944451100689905e-01,-2.813004927176567804e-01,8.078708910040025559e-01
7.873863876342139800e-01,-2.123900514913079351e-01,-5.787168069341176446e-01
3.343770630617459716e-01,9.358207621455002512e-01,1.114965509301761720e-01
5.081250433074739892e-01,-3.732131290546359392e-01,7.762221980055813431e-01
7.815455236095177893e-01,-1.789261360462593986e-01,-5.976387139409030658e-01
3.619330530639424670e-01,9.103281815821041567e-01,2.007661997304163171e-01
5.095150128004419798e-01,-4.437867239671814956e-01,7.371891177804654749e-01
7.820515058523038743e-01,-1.184814102780010620e-01,-6.118476915481493306e-01
3.588730889011274572e-01,8.882654440510683314e-01,2.866960184731413563e-01
5.312102658534338939e-01,-4.834422635292903170e-01,6.957723990636796030e-01
7.854521034194484885e-01,-2.685603422757469605e-02,-6.183395076375317601e-01
3.176171385497171262e-01,8.749641885876819902e-01,3.654545416793916757e-01
5.736154132150362850e-01,-4.884450218077027728e-01,6.575612658962558532e-01
7.826931405028463296e-01,9.008894695844273104e-02,-6.158534155933858001e-01
2.415715329865664451e-01,8.679317037444813643e-01,4.339789766055484610e-01
6.273616860243603766e-01,-4.630959006843266001e-01,6.260666910896617310e-01
7.652937858203898713e-01,2.179547022723717364e-01,-6.056576336519711168e-01
1.440233880833781677e-01,8.590913424019085420e-01,4.911408445127679601e-01
6.793905835822305894e-01,-4.199859070041463416e-01,6.016978252179134845e-01
7.324675995930224337e-01,3.392012098704998424e-01,-5.902827753151038692e-01
4.381381646782679662e-02,8.417567209164181774e-01,5.380761770743947014e-01
7.195044831623033099e-01,-3.776571115496435427e-01,5.828279375771323600e-01
6.933615907509973475e-01,4.384004510553328182e-01,-5.718870072450394915e-01
-3.953483545506689817e-02,8.155857715050677248e-01,5.772840255559695821e-01
7.453397033306005115e-01,-3.499708877374256843e-01,5.674408377900367340e-01
6.596803349316143761e-01,5.102047719242984725e-01,-5.518269171433882736e-01
-9.638766717831204200e-02,7.856280726371902556e-01,6.111447857577468890e-01
7.605488186738348366e-01,-3.384796372689612975e-01,5.540731265695445495e-01
6.360407621545942636e-01,5.598559071373606644e-01,-5.310494442114926938e-01
-1.304516896708267093e-01,7.563021211613674133e-01,6.410845952343779963e-01
7.698275775856820990e-01,-3.370887703528180901e-01,5.419747795895180076e-01
6.201686808700763720e-01,5.957594917802462309e-01,-5.103542253165486153e-01
-1.508519410127111826e-01,7.290005411054297779e-01,6.676839843945697739e-01
7.762876910537950259e-01,-3.398759238740350352e-01,5.309065615638757230e-01
6.085302654230987374e-01,6.238470050533281297e-01,-4.904139378382067482e-01
-1.645245782135279222e-01,7.037750142853627100e-01,6.911095372551057103e-01
7.812028741963513712e-01,-3.441418442224762897e-01,5.208535882822060703e-01
5.994006602095027780e-01,6.466676434260124617e-01,-4.717412506444602083e-01
-1.744732585326802254e-01,6.807256055669441697e-01,7.114574702908499360e-01
7.849238913299704246e-01,-3.492152778867124163e-01,5.118038438061573991e-01
5.923605477493910643e-01,6.651543501809135117e-01,-4.546192604529569747e-01
-1.816685617943140096e-01,6.600139242439221343e-01,7.289568941341190156e-01
7.869743304259035899e-01,-3.565996915228430431e-01,5.034958423676775263e-01
5.884553974533395238e-01,6.791009076485783336e-01,-4.387963109496889613e-01
-1.854498544401420312e-01,6.416062790386856118e-01,7.442779952595083293e-01
7.866754129657840267e-01,-3.687175738163676608e-01,4.951657756939127353e-01
5.890190184259163075e-01,6.885141672565806559e-01,-4.230896329119859245e-01
-1.849280687664260625e-01,6.244962708498578152e-01,7.588188302310915345e-01
7.844027668229613948e-01,-3.858868479844957955e-01,4.855961696474613842e-01
5.931871469668373864e-01,6.954620581770902810e-01,-4.055385732095465046e-01
-1.812217098464212195e-01,6.061549853310476133e-01,7.744254810310152726e-01
7.826288114933417361e-01,-4.037628091097203997e-01,4.737802628030363117e-01
5.963324283044180163e-01,7.046128431974202355e-01,-3.845885804315375966e-01
-1.785490924481445141e-01,5.835206382188069529e-01,7.922271684217063736e-01
7.860096082760219538e-01,-4.126697069115537464e-01,4.603179430724014809e-01
5.904256477258197355e-01,7.218224131905133234e-01,-3.610678029969999203e-01
-1.832660640736335778e-01,5.555862820954777792e-01,8.110101312121673622e-01
7.975610810200944867e-01,-4.036784173894374939e-01,4.482633794908977842e-01
5.696191889446449164e-01,7.485800170092611339e-01,-3.393551793497677771e-01
-1.985706465174681135e-01,5.259959063538021118e-01,8.269812602829454962e-01
8.144432657013425114e-01,-3.768398267396563250e-01,4.412186668200946960e-01
5.365891038109547040e-01,7.785081255849990445e-01,-3.255721611166033647e-01
-2.208037604975340851e-01,5.019131831373960795e-01,8.362588450699895981e-01
8.294601940471255652e-01,-3.443693191126835362e-01,4.397789883071042683e-01
5.036911548617888368e-01,8.014622326315268275e-01,-3.224182224966281596e-01
-2.414353060856632982e-01,4.889458679028336197e-01,8.382367990295840343e-01
8.373469416148277000e-01,-3.235013328310413216e-01,4.406778721848843561e-01
4.846350119726199335e-01,8.122623682543185231e-01,-3.245901266232483762e-01
-2.529407135138180274e-01,4.853624756704398857e-01,8.369254821466410865e-01
8.381811864707671145e-01,-3.234548998954230314e-01,4.391232473760707800e-01
4.825365927387449960e-01,8.150601006568283236e-01,-3.206796984434740483e-01
-2.541864184496787082e-01,4.806807257010726198e-01,8.392468675073162521e-01
8.368269863621913274e-01,-3.372760251984535662e-01,4.312371478966893212e-01
4.858887467565211060e-01,8.204971661213490419e-01,-3.011586395356578572e-01
-2.522552688792099596e-01,4.615509540870985083e-01,8.504927960351065241e-01
8.436426247706165782e-01,-3.372321729019925884e-01,4.177817411424233351e-01
4.690949147449621215e-01,8.415008285212589589e-01,-2.680043219065750271e-01
-2.611840014888751615e-01,4.220791598271557699e-01,8.681198651154663493e-01
8.679045465328776299e-01,-2.830905176533849987e-01,4.081684173515939262e-01
4.016290722900148213e-01,8.834487991647396177e-01,-2.412722684985397770e-01
-2.922940067815989473e-01,3.733336015815507669e-01,8.804466114029764201e-01
8.904855442283063915e-01,-2.095978633723538931e-01,4.038616485767640429e-01
3.189476050489625791e-01,9.205546724813602477e-01,-2.255028164055023487e-01
-3.245118191303696387e-01,3.296177037769004170e-01,8.865913650621622955e-01
9.073234383082642296e-01,-9.709219777621889980e-02,4.090688003605374434e-01
2.167023524509920362e-01,9.417686455343653451e-01,-2.571223613983730782e-01
-3.602835948804055111e-01,3.219393163626572130e-01,8.755288732196149226e-01
9.109795380539160714e-01,1.296281539470472456e-02,4.122477976472960770e-01
1.351438987717415163e-01,9.349477498947412757e-01,-3.280378508525971792e-01
-3.896824449125684264e-01,3.545485444682854315e-01,8.499664238918812620e-01
9.085188551599252538e-01,9.422694942516196548e-02,4.070807927449100472e-01
9.292190210026000929e-02,9.042839140192970859e-01,-4.166966798000942274e-01
-4.073806695586904558e-01,4.164035120514856803e-01,8.128032389343818886e-01
9.072965487850227495e-01,1.445771427520740615e-01,3.948549383726807638e-01
8.390223631374646440e-02,8.579036554442937001e-01,-5.069139302852498918e-01
-4.120356626620995666e-01,4.930504718280369070e-01,7.662426801776442975e-01
9.090863386617605846e-01,1.746361130118185279e-01,3.782383598889668130e-01
9.319590784146168649e-02,7.996446326988766451e-01,-5.931972556897174842e-01
-4.060499373490364383e-01,5.745177886096353159e-01,7.106706402764525476e-01
9.126549291875651893e-01,1.967958475813198771e-01,3.582350828787722596e-01
1.078863023431567980e-01,7.293853840982622572e-01,-6.755423800405426782e-01
-3.942353687802432893e-01,6.551857414806012692e-01,6.444455897623644347e-01
9.157411487174219600e-01,2.226017245273251566e-01,3.344646779315829654e-01
1.180126917436720435e-01,6.467264211966373688e-01,-7.535369537812053320e-01
-3.840457695821893891e-01,7.295158725925988685e-01,5.659641671540327490e-01
9.155843982548630411e-01,2.605182517319875601e-01,3.063257256376872850e-01
1.176228030521788842e-01,5.549479619842904166e-01,-8.235275561217464402e-01
-3.845387963199874970e-01,7.900398724145807350e-01,4.774588088209641978e-01
9.086806286828423840e-01,3.143644153234905203e-01,2.747262809333753664e-01
1.053860807892543910e-01,4.640141364991759998e-01,-8.795366138512958898e-01
-4.039718913899310038e-01,8.281702092613811850e-01,3.885110236010494433e-01
8.912762835926055782e-01,3.819917369136811569e-01,2.443540448520811481e-01
8.403133868973548803e-02,3.903992851698354083e-01,-9.168026681118834897e-01
-4.456066880377974049e-01,8.376578723257293024e-01,3.158543469819224958e-01
8.633612581347553938e-01,4.520678197802718845e-01,2.241473271568854564e-01
5.923973799614477842e-02,3.503369722792623597e-01,-9.347484470682495550e-01
-5.010967884497988800e-01,8.203040242336654408e-01,2.756869899577033545e-01
8.330817590528232230e-01,5.066795250387702287e-01,2.219248558417382944e-01
3.715164604151364319e-02,3.490438020304991174e-01,-9.363696809810962973e-01
-5.519008406683018064e-01,7.883173746475096166e-01,2.719580462111746422e-01
8.136303474732994312e-01,5.312228013429473039e-01,2.362371541570318090e-01
2.356601015354551146e-02,3.758682711042128921e-01,-9.263734052436405353e-01
-5.809047261267363815e-01,7.592926827719208571e-01,2.932990300923233318e-01
8.133653543976980815e-01,5.221318619659982563e-01,2.565445750464450669e-01
2.336798017759198626e-02,4.113062548162174648e-01,-9.111976197574197522e-01
-5.812836981787168344e-01,7.471315034646972553e-01,3.223410907139430681e-01
8.293942313342671513e-01,4.876746189697245826e-01,2.725411437608325493e-01
3.686516672205935458e-02,4.390057477603582781e-01,-8.977276384940031662e-01
-5.574461126533559741e-01,7.546173993796400081e-01,3.461306285804773286e-01
8.506270286156222271e-01,4.444383602210347228e-01,2.809060379430151633e-01
5.718217129750691879e-02,4.529042258571164270e-01,-8.897235309277543580e-01
-5.226507987887821782e-01,7.728857005826552662e-01,3.598386254428544428e-01
8.664556419910593998e-01,4.108250276870584194e-01,2.836854192375750094e-01
7.400814696393134828e-02,4.562493817256449979e-01,-8.867690205786400437e-01
-4.937382045629767902e-01,7.893410532217270958e-01,3.649154519255048967e-01
8.704500386462900030e-01,4.020779152644471943e-01,2.839895777620078943e-01
7.849150996033255057e-02,4.561635027856315583e-01,-8.864276290767038047e-01
-4.859586536785021060e-01,7.938817347585132023e-01,3.655078359378954866e-01
8.548054025089721897e-01,4.340674974061827229e-01,2.844171786955748682e-01
6.135556721489753701e-02,4.596864915914911642e-01,-8.859592675851916121e-01
-5.153088571074404545e-01,7.747733456592618140e-01,3.663100389598308304e-01
8.048279774908834172e-01,5.191509653715458139e-01,2.876355364029954398e-01
1.263615908769993856e-02,4.695378393069418732e-01,-8.828219214215933253e-01
-5.933736210277418266e-01,7.141543898996411954e-01,3.713371153758253107e-01
7.074207571075429302e-01,6.414870144536641838e-01,2.967326788555658124e-01
-6.695032814333097548e-02,4.787604428706943027e-01,-8.753891088560465938e-01
-7.036146146684222336e-01,5.994020759304329315e-01,3.816328410860463372e-01
5.685429713178610234e-01,7.607963890443889543e-01,3.129660431774297091e-01
-1.615337480897205413e-01,4.762717768809983099e-01,-8.643332938020622525e-01
-8.066385423429901502e-01,4.408560410879392433e-01,3.936752634381949223e-01
4.081465557507030217e-01,8.504116706612094845e-01,3.319885230427211953e-01
-2.542580534219085475e-01,4.551589384100284685e-01,-8.533365004824121636e-01
-8.767948627238887349e-01,2.638755979410172814e-01,4.019955690207714372e-01
2.458127737770005039e-01,9.055159128696883553e-01,3.458569238686038383e-01
-3.346241200800808002e-01,4.141425188050625872e-01,-8.464707156059422255e-01
-9.097267603565034610e-01,9.234124570098121987e-02,4.048089868489849752e-01
1.045660227319634289e-01,9.306508068326659888e-01,3.506494298180645175e-01
-3.943655358667889632e-01,3.624785265914788890e-01,-8.444436878090639809e-01
-9.129850880548702197e-01,-4.998393243626497728e-02,4.049195419928324768e-01
2.532176057207442908e-03,9.372735365236277705e-01,3.485855788997950233e-01
-4.313998288145566296e-01,3.155049033250544865e-01,-8.451927849175101537e-01
-9.021572899351969488e-01,-1.482395821308898076e-01,4.051385571708388533e-01
-5.340538291243863978e-02,9.375116448720686169e-01,3.438310352560348671e-01
-4.493150671270978447e-01,2.849364446385499461e-01,-8.467155324956009421e-01
-8.917756643509482384e-01,-1.997076319172707837e-01,4.060209677165023123e-01
-7.579522273263208931e-02,9.378884073976497815e-01,3.385563756304129646e-01
-4.559326669339017757e-01,2.693617157434677334e-01,-8.482745247349287032e-01
-8.867809692553605405e-01,-2.186540677893410722e-01,4.071976316307847621e-01
