9.811598775641561243e-01,1.907851282261367465e-01,3.043566174780192035e-02
-1.912905775120598562e-01,9.814243136772536902e-01,1.463664846316304474e-02
-2.707784358830409022e-02,-2.018294752676538795e-02,9.994295568051503320e-01
9.812317678028746881e-01,1.902910013253871768e-01,3.120180554117022234e-02
-1.909746429812008151e-01,9.813787286329040960e-01,2.060283293983756689e-02
-2.670025454277690988e-02,-2.617490786089753801e-02,9.993007408212527531e-01
9.812911316340356960e-01,1.898736474143548625e-01,3.187025249315122988e-02
-1.907089465298939801e-01,9.813130666443128369e-01,2.558833615054868088e-02
-2.641614449258380959e-02,-3.118754961641417855e-02,9.991644129268421048e-01
9.813457976799563331e-01,1.894815632721532639e-01,3.251403629021012293e-02
-1.904605387871616817e-01,9.812294233932402632e-01,3.022584710439777875e-02
-2.617648832058845978e-02,-3.585464890719811809e-02,9.990141318379267554e-01
9.813993840942482061e-01,1.890902105086352536e-01,3.316837634485432507e-02
-1.902138888195039623e-01,9.811253380541281599e-01,3.481016417731167684e-02
-2.596007318178090995e-02,-4.047175953422510464e-02,9.988433867641204333e-01
9.814545287245626248e-01,1.886807148332595996e-01,3.386142194754001439e-02
-1.899572568414518159e-01,9.809950154864911509e-01,3.956033577549011165e-02
-2.575361371442971142e-02,-4.525889353064570242e-02,9.986432716140360988e-01
9.815127089531623383e-01,1.882419001199769626e-01,3.460909133595230919e-02
-1.896839173894774577e-01,9.808317411052760448e-01,4.459940726140114442e-02
-2.555021814567687982e-02,-5.033967306077861276e-02,9.984052802710631225e-01
9.815723167770032953e-01,1.877857552724975509e-01,3.538780940528964830e-02
-1.894015946749645352e-01,9.806368521765106427e-01,4.978353234779477748e-02
-2.535395179813470026e-02,-5.556864471745391609e-02,9.981329084136331131e-01
9.816337687105430865e-01,1.873091677760960749e-01,3.619972092827544730e-02
-1.891085467094459904e-01,9.804066106519220281e-01,5.514376989055796985e-02
-2.516151205507180869e-02,-6.097666327471593095e-02,9.978220005864367748e-01
9.817000594076056297e-01,1.867885885004359481e-01,3.708121582075049605e-02
-1.887906049554769761e-01,9.801249181071174377e-01,6.093646193769430841e-02
-2.496198790545239854e-02,-6.682191347175900353e-02,9.974526209543681521e-01
9.817691332498421630e-01,1.862397978552043365e-01,3.800140385503095186e-02
-1.884577330354347824e-01,9.797947890854501463e-01,6.697651938231670432e-02
-2.475988404358252931e-02,-7.291713780495166775e-02,9.970306109478556111e-01
9.818405261877578560e-01,1.856665239851744975e-01,3.895026328004065619e-02
-1.881123608145480186e-01,9.794146006966951701e-01,7.321734535037849323e-02
-2.455444655006362373e-02,-7.921478286509385514e-02,9.965551150550432391e-01
9.819170376346136875e-01,1.850461006790177221e-01,3.996087874645667254e-02
-1.877410736576691774e-01,9.789635982211766230e-01,7.989720038628009280e-02
-2.433558025826057167e-02,-8.595472059906006379e-02,9.960017899350428472e-01
9.819991237982044208e-01,1.843742807187711830e-01,4.103468622786380499e-02
-1.873416920937494012e-01,9.784301748939707721e-01,8.704874077571399249e-02
-2.410002625383966465e-02,-9.316929472229945608e-02,9.953585641719598920e-01
9.820858352273705849e-01,1.836583393455973601e-01,4.215479380222499073e-02
-1.869188440998444667e-01,9.778116194701184094e-01,9.458214715263449368e-02
-2.384864711759196107e-02,-1.007673123151568012e-01,9.946241455020460309e-01
9.821763065275490590e-01,1.829051042196399857e-01,4.330618608748846438e-02
-1.864767421288164584e-01,9.771066429698893607e-01,1.024159798055437609e-01
-2.358235664692734032e-02,-1.086661452708371917e-01,9.937985416292383078e-01
9.822700252220715189e-01,1.821186255201619475e-01,4.447925131237916857e-02
-1.860178496050761965e-01,9.763129442976494765e-01,1.105006535520111771e-01
-2.330144166427273664e-02,-1.168154144331798316e-01,9.928802555121101214e-01
9.823665145126166953e-01,1.813027330173854756e-01,4.566563450294237880e-02
-1.855444223353535094e-01,9.754291394485717914e-01,1.187908298856275441e-01
-2.300648844928701586e-02,-1.251691372856397755e-01,9.918686347395997416e-01
9.824650073921471494e-01,1.804638135692674950e-01,4.685425544391097485e-02
-1.850601216905349566e-01,9.744580351670107943e-01,1.272174872733544404e-01
-2.269935279250366936e-02,-1.336575837889764917e-01,9.907675760235002960e-01
9.825641251020977851e-01,1.796136880988687679e-01,4.802773284825961886e-02
-1.845716363245730740e-01,9.734112279813648128e-01,1.356609461629952607e-01
-2.238417153723439371e-02,-1.421601361182608936e-01,9.895905439047156804e-01
9.826638935468868796e-01,1.787523147360416953e-01,4.918620040150199768e-02
-1.840787579361102544e-01,9.722878625423937438e-01,1.441225979462056883e-01
-2.206089766597790075e-02,-1.506782079236797800e-01,9.883366807290626666e-01
9.827636058595961011e-01,1.778859963863062554e-01,5.032163851819117933e-02
-1.835848981725929085e-01,9.710959997564834190e-01,1.525422709580388780e-01
-2.173200800559831405e-02,-1.591512851361502334e-01,9.870149888893935408e-01
9.828615078888313095e-01,1.770303711803911939e-01,5.141501733323387835e-02
-1.830987183417325526e-01,9.698592283358671295e-01,1.607729347941973530e-01
-2.140363671321966060e-02,-1.674315528968428335e-01,9.856513376727676912e-01
9.829559973976199627e-01,1.762001306758889663e-01,5.245017777329009229e-02
-1.826282414853701852e-01,9.686037176829067619e-01,1.686824339155861274e-01
-2.108157028571814445e-02,-1.753862938052392906e-01,9.842739534128805978e-01
9.830460086007365428e-01,1.754055541524842665e-01,5.341756795852423828e-02
-1.821789277373198346e-01,9.673519028594876890e-01,1.761849435435798028e-01
-2.076976835537250668e-02,-1.829294607789113680e-01,9.829066227930426392e-01
9.831321441404491379e-01,1.746422866317555445e-01,5.432549032577650705e-02
-1.817479586488744969e-01,9.661037289352558677e-01,1.833337515932639827e-01
-2.046623318521635648e-02,-1.901148512662059198e-01,9.815485095793407000e-01
9.832151369998013424e-01,1.739047347143017341e-01,5.518276579659184278e-02
-1.813318494179674001e-01,9.648553788990498203e-01,1.901916354766101380e-01
-2.016816248932174274e-02,-1.970056879088102064e-01,9.801948807175772105e-01
9.832969169345061600e-01,1.731765619791216515e-01,5.600938806956470839e-02
-1.809210744611538801e-01,9.635822433771007445e-01,1.969183208170745547e-01
-1.986801401696210861e-02,-2.037624564162308638e-01,9.788187387903791725e-01
9.833789951799498663e-01,1.724450395837380245e-01,5.681954053576302593e-02
-1.805081410148388077e-01,9.622624427871323549e-01,2.036364462422766142e-01
-1.955921484168822444e-02,-2.105081935224495382e-01,9.773964076100185583e-01
9.834620966769898054e-01,1.717044318194234920e-01,5.761850847729695080e-02
-1.800894649147773974e-01,9.608842921963459682e-01,2.104023803257300262e-01
-1.923769856911257056e-02,-2.172992524609533294e-01,9.759154399173988192e-01
9.835468691012382303e-01,1.709497151487352762e-01,5.841019772681131650e-02
-1.796618143333303941e-01,9.594360328475306510e-01,2.172651176652942162e-01
-1.889943840913671860e-02,-2.241845083427274898e-01,9.743634421936562262e-01
9.836341257792879933e-01,1.701743934165593775e-01,5.919951397779624203e-02
-1.792210678202071361e-01,9.579016469100607445e-01,2.242860755961855468e-01
-1.853956507031915418e-02,-2.312252380018255671e-01,9.727235855448860269e-01
9.837242847887780473e-01,1.693754630427048713e-01,5.998736586874217624e-02
-1.787650320830456718e-01,9.562706580189199723e-01,2.314940429608935701e-01
-1.815474711522475915e-02,-2.384499552272463518e-01,9.709850792092932226e-01
9.838178044594368954e-01,1.685495111347244390e-01,6.077491220159439433e-02
-1.782912354568684798e-01,9.545308459338025520e-01,2.389206971571747051e-01
-1.774156165091906809e-02,-2.458900698966739740e-01,9.691353417115224911e-01
9.839139674704346916e-01,1.677034263928760538e-01,6.155376041233914797e-02
-1.778031033047212384e-01,9.526916796636741847e-01,2.465048071835651833e-01
-1.730205461139066800e-02,-2.534839724560909446e-01,9.671848399617350989e-01
9.840130555570569815e-01,1.668351835445273657e-01,6.232437767677429657e-02
-1.772989490315867445e-01,9.507440953944317208e-01,2.542651131290833422e-01
-1.683416725915758833e-02,-2.612502375508505836e-01,9.651243050661574285e-01
9.841175137457873756e-01,1.659237351503691504e-01,6.310335394976664125e-02
-1.767659351831842030e-01,9.486338680966989179e-01,2.623882399577618929e-01
-1.632554191575532471e-02,-2.693753857153193265e-01,9.628968679396540109e-01
9.842257458365815115e-01,1.649832385242526178e-01,6.387653923406312606e-02
-1.762117025847527996e-01,9.463860087745770144e-01,2.707451906813587161e-01
-1.578344464854860088e-02,-2.777301809613610395e-01,9.605294526941251521e-01
9.843352278418828760e-01,1.640356648488823788e-01,6.462553606462344280e-02
-1.756487557515064024e-01,9.440490612426362116e-01,2.791395432014886491e-01
-1.522083610152068917e-02,-2.861182808540015943e-01,9.580734082221280534e-01
9.844447554333736194e-01,1.630913261548822824e-01,6.534326939770468412e-02
-1.750829878856779709e-01,9.416480465271829248e-01,2.874802668586842191e-01
-1.464482401887612709e-02,-2.944489358414700275e-01,9.555549975495631898e-01
9.845554300937776615e-01,1.621405132184741693e-01,6.603831514253115376e-02
-1.745084038987589348e-01,9.391581042824378445e-01,2.958527879496408719e-01
-1.405069598623238762e-02,-3.028077098533386025e-01,9.529480934572807094e-01
9.846676700012175765e-01,1.611792953085992297e-01,6.671442450224469856e-02
-1.739224426061378170e-01,9.365675986160761912e-01,3.042895285552387197e-01
-1.343739656908516517e-02,-3.112271967522176608e-01,9.502405318658522226e-01
9.847816607919225307e-01,1.602055599432735400e-01,6.737402427627722790e-02
-1.733236917956823830e-01,9.338692807780434313e-01,3.128051538723156111e-01
-1.280540676706280745e-02,-3.197222935508896580e-01,9.474247603829946129e-01
9.848982819742679862e-01,1.592110352040219390e-01,6.802367563471219125e-02
-1.727070043555265777e-01,9.310381603943068685e-01,3.214657595196885320e-01
-1.215174147274195558e-02,-3.283592395062888136e-01,9.444747455754755050e-01
9.850176956187147725e-01,1.581932875358552371e-01,6.866602586051637203e-02
-1.720709075139749966e-01,9.280648803698657856e-01,3.302834852345004624e-01
-1.147789672997572355e-02,-3.371505029096595329e-01,9.413807923956301060e-01
9.851382405979902668e-01,1.571651510001136620e-01,6.929474894265394425e-02
-1.714237111850294981e-01,9.249865335017369850e-01,3.391368810541122158e-01
-1.079621049604174814e-02,-3.459754733510143065e-01,9.381814396441702231e-01
9.852590272162287111e-01,1.561327210972765778e-01,6.990867398155664603e-02
-1.707698315639834818e-01,9.218238652617507523e-01,3.479632539054798301e-01
-1.011503439311418895e-02,-3.547722295289645889e-01,9.348980432358398041e-01
9.853804040486173754e-01,1.550913733947106021e-01,7.051329817652113308e-02
-1.701070901833557913e-01,9.185662069724340739e-01,3.567908368841477551e-01
-9.435951942289548186e-03,-3.635695109804559233e-01,9.315192824124364224e-01
9.855024577795649110e-01,1.540385722962388515e-01,7.111275524097146472e-02
-1.694347351205882646e-01,9.152092126961218765e-01,3.656281820886448930e-01
-8.762205578634385539e-03,-3.723764429287788058e-01,9.280404131895900743e-01
9.856251862329270530e-01,1.529724872251736201e-01,7.171060184396181592e-02
-1.687525473216052729e-01,9.117508427112895886e-01,3.744769400031688900e-01
-8.097532743801807639e-03,-3.811952504610245374e-01,9.244590910342762591e-01
9.857488307946782324e-01,1.518892189061462894e-01,7.231118701548437666e-02
-1.680590003818395739e-01,9.081820230306633102e-01,3.833556905024180228e-01
-7.444123719690617404e-03,-3.900449694971584447e-01,9.207657176487946682e-01
9.858742220449020488e-01,1.507797837486116177e-01,7.292101974275140563e-02
-1.673492408913193341e-01,9.044755315435836218e-01,3.923241573207748578e-01
-6.800726494029152649e-03,-3.989855506870104707e-01,9.169319933705532000e-01
9.860042805352776663e-01,1.496165284405210349e-01,7.355578280378602396e-02
-1.666063307725007825e-01,9.005379718403626610e-01,4.015889587934843297e-01
-6.155429590003374737e-03,-4.082232914664496448e-01,9.128613558446880827e-01
9.861392793733685380e-01,1.483951604279175052e-01,7.421723546117689474e-02
-1.658281172131661763e-01,8.963505187594829060e-01,4.111651530285698186e-01
-5.509738661712550341e-03,-4.177734121329846895e-01,9.085345446917176826e-01
9.862765379432871793e-01,1.471387233492821578e-01,7.489183397222981542e-02
-1.650296814322111116e-01,8.919882602242519276e-01,4.208588217818413635e-01
-4.878006943612642719e-03,-4.274425572131596573e-01,9.040293498195508537e-01
9.864150894887429022e-01,1.458555712138662475e-01,7.557396097958909986e-02
-1.642165704171701102e-01,8.874778834912736558e-01,4.305994940971376028e-01
-4.264883762010750201e-03,-4.371603351897848655e-01,8.993734775430185513e-01
9.865534839928883359e-01,1.445590695457877051e-01,7.625548267843289263e-02
-1.633973944380061050e-01,8.828652667686834876e-01,4.402842402655556819e-01
-3.676236949502408383e-03,-4.468238983638932460e-01,8.946143801317238964e-01
9.866913519371892649e-01,1.432528643054708228e-01,7.693369149704669396e-02
-1.625745582569369796e-01,8.781634230509531847e-01,4.498872252292084872e-01
-3.112720244747047092e-03,-4.564072953925598086e-01,8.897655262439536639e-01
9.868271201689907679e-01,1.419522363157491585e-01,7.760024170332061044e-02
-1.617577831774342223e-01,8.734288439846995544e-01,4.592999826672902741e-01
-2.579629724546304848e-03,-4.658021222630114866e-01,8.848851498439201935e-01
9.869619237971358761e-01,1.406465715369001057e-01,7.826048108543957882e-02
-1.609405765766606378e-01,8.686251633791969295e-01,4.686026636250358868e-01
-2.071665116979916517e-03,-4.750882733388035462e-01,8.799357026224308154e-01
9.870963736443600922e-01,1.393297362440955034e-01,7.891751230214859303e-02
-1.601194309657064663e-01,8.637317235075941957e-01,4.778381291132752229e-01
-1.586498418733955484e-03,-4.843085116017392111e-01,8.748958501583546932e-01
9.872318563619721932e-01,1.379873275708822511e-01,7.957863549259171221e-02
-1.592859290867753297e-01,8.586967690090241412e-01,4.871014798673332091e-01
-1.120085716603965234e-03,-4.935578550979654033e-01,8.697122449935614785e-01
9.873721892762569174e-01,1.365795707818830140e-01,8.026319643996805697e-02
-1.584162926325190512e-01,8.533709263466555672e-01,4.966511253337138054e-01
-6.618807706983772946e-04,-5.030945069440664330e-01,8.642311490626790604e-01
9.875128438821485499e-01,1.351498480522737855e-01,8.094999539085503959e-02
-1.575383463819687302e-01,8.479191288586842568e-01,5.061766690940342484e-01
-2.293496567925184051e-04,-5.126086904192233007e-01,8.586223138957728152e-01
9.876536461519346277e-01,1.336985728818023966e-01,8.163924832417382427e-02
-1.566532620734993053e-01,8.423466323945915102e-01,5.156664681512307391e-01
1.753249782462374643e-04,-5.220889220328436275e-01,8.528910403834372156e-01
9.877953561178002273e-01,1.322166927875956521e-01,8.233517228399460375e-02
-1.557563112463123678e-01,8.366209855466449907e-01,5.251716843568822179e-01
5.531302705206820117e-04,-5.315863736947352702e-01,8.470039087061607130e-01
9.879386123163677036e-01,1.306965147611398037e-01,8.304046807296586175e-02
-1.548434011625664242e-01,8.307120520598794133e-01,5.347345207476604800e-01
9.052205478432917649e-04,-5.411431488971720771e-01,8.409300048110405212e-01
9.880819960871117802e-01,1.291526593622032704e-01,8.374699756649739424e-02
-1.539235509561831250e-01,8.246747501476132669e-01,5.442601371866168103e-01
1.228609809285275377e-03,-5.506642779907262586e-01,8.347259091918848295e-01
9.882217008936555747e-01,1.276267604301291603e-01,8.443506331575999224e-02
-1.530214694187946589e-01,8.186723356049321332e-01,5.534980007303582639e-01
1.516506246658810061e-03,-5.598991131832717905e-01,8.285594023833033894e-01
9.883620182905292761e-01,1.260720891092122209e-01,8.512549065528146608e-02
-1.521096880341336610e-01,8.125226847233735228e-01,5.627339776631188339e-01
1.778655971643680091e-03,-5.691333017522007820e-01,8.222433467233916105e-01
9.885081810323544937e-01,1.244288608863361179e-01,8.584308137723402343e-02
-1.511538324112520204e-01,8.059859613886506402e-01,5.723103607242332469e-01
2.023607786482686452e-03,-5.787089844026017671e-01,8.155316158147007943e-01
9.886446818289674754e-01,1.228730758890460989e-01,8.650953890422997949e-02
-1.502555346172347317e-01,7.997586269314858054e-01,5.812137412054557695e-01
2.228770080847316398e-03,-5.876124112670804145e-01,8.091394729697773958e-01
9.887858284872211856e-01,1.212381914262950083e-01,8.720026565294429488e-02
-1.493210562382011053e-01,7.931931181017524146e-01,5.903794538772285660e-01
2.409886631189986535e-03,-5.967796731961111378e-01,8.024015292322366211e-01
9.889224367026758777e-01,1.196308206512706612e-01,8.786854353364291492e-02
-1.484111742570796699e-01,7.867138593166872473e-01,5.992123387540122526e-01
2.556862834004002168e-03,-6.056151998696508443e-01,7.957535373129540623e-01
9.890255602552517900e-01,1.184004014434520691e-01,8.837299420883462653e-02
-1.477207656525832413e-01,7.817399006109572168e-01,6.058558435701322242e-01
2.648879386399311236e-03,-6.122614414889769874e-01,7.906509411300365331e-01
9.891142828953496391e-01,1.173290606930873503e-01,8.880780874614985221e-02
-1.471243380030381187e-01,7.774025719956620950e-01,6.115551244343465642e-01
2.713769379675850212e-03,-6.179636984276466460e-01,7.862019479031301383e-01
9.892034409746907064e-01,1.162403575146656320e-01,8.924534527417303520e-02
-1.465227052403965669e-01,7.729889867363256561e-01,6.172674649076612674e-01
2.765721788896397491e-03,-6.236795697085326662e-01,7.816752171559709916e-01
9.893046903977497086e-01,1.149899352860785651e-01,8.974154190630984074e-02
-1.458366634362553149e-01,7.679086258817517940e-01,6.237371320470478375e-01
2.810188320079862277e-03,-6.301536773530437285e-01,7.764653538723246262e-01
9.894206066722507353e-01,1.135412116049716591e-01,9.030645803468786981e-02
-1.450474764765938285e-01,7.620012196436926066e-01,6.311223105146546164e-01
2.844760642857952632e-03,-6.375441432016458743e-01,7.704085752440411605e-01
9.895098438472014202e-01,1.124135858370737123e-01,9.073838576631015895e-02
-1.444371439378857869e-01,7.573859078118532207e-01,6.367923508484643058e-01
2.860136915711804229e-03,-6.432182929371187408e-01,7.656775086489190363e-01
9.895838970498147535e-01,1.114692372097191159e-01,9.109511434747571967e-02
-1.439288105273478224e-01,7.535105877250747319e-01,6.414875615991354474e-01
2.864996020332821226e-03,-6.479169725694604587e-01,7.617055785911024390e-01
9.896499281098847245e-01,1.106203928527942359e-01,9.141197120343710902e-02
-1.434741179433742519e-01,7.500199203715171015e-01,6.456665521197922919e-01
2.863088284588452808e-03,-6.520991088264884716e-01,7.581283235676186116e-01
9.897180421483539048e-01,1.097380748998308536e-01,9.173740766519115908e-02
-1.430036546412218612e-01,7.463838899196902910e-01,6.499700328688785556e-01
2.855136965498884707e-03,-6.564058529498032479e-01,7.544025479862372929e-01
9.897984281592469014e-01,1.086884909602422733e-01,9.211885554968242407e-02
-1.424465253553760802e-01,7.420459138612742755e-01,6.550395782973106318e-01
2.838842934321047454e-03,-6.614791558738016830e-01,7.499581770451894114e-01
9.898741424011485712e-01,1.076921234577015857e-01,9.247480063244213622e-02
-1.419198499937068814e-01,7.379128717358045542e-01,6.598055394616931801e-01
2.817513916066608642e-03,-6.662484523603693365e-01,7.457245210827900816e-01
9.899495019084684211e-01,1.066932209921521435e-01,9.282532125722192662e-02
-1.413937526110708998e-01,7.337530090958566120e-01,6.645406897740026020e-01
2.791127879718309935e-03,-6.709866453498010141e-01,7.414641807724626776e-01
9.900583815588338554e-01,1.052381245264563392e-01,9.332383539045931153e-02
-1.406302377345097776e-01,7.276599633920780574e-01,6.713673464735769869e-01
2.745421767512223974e-03,-6.778170216385513980e-01,7.352255081519630808e-01
9.902180313057505900e-01,1.030808616393836530e-01,9.403502773459709863e-02
-1.395032129428183665e-01,7.185447894216079323e-01,6.813459027349515473e-01
2.665343526734744069e-03,-6.877991869427916294e-01,7.258961181776446558e-01
9.903679634294030310e-01,1.010310784166467829e-01,9.467849917921261627e-02
-1.384364291602057373e-01,7.097836347790350553e-01,6.906826672801814615e-01
2.579165436326111543e-03,-6.971369399150786350e-01,7.169333545818122877e-01
9.905189295699841079e-01,9.894557695936083419e-02,9.529964828736044169e-02
-1.373538397551140877e-01,7.007605012645747866e-01,7.000490286915538318e-01
2.484525739712078931e-03,-7.065015871658441027e-01,7.077070965196443630e-01
9.906748558887423783e-01,9.677049752899799517e-02,9.591037857115065901e-02
-1.362265047103321525e-01,6.912235123154755190e-01,7.096847155157736120e-01
2.381034265909413167e-03,-7.161323389084242041e-01,6.979604600874796949e-01
9.908352809646595594e-01,9.451215405807925074e-02,9.650336124068970012e-02
-1.350566126225211383e-01,6.811754842832571377e-01,7.195551896820998605e-01
2.270987112622137663e-03,-7.259940856142998999e-01,6.876971937347615693e-01
9.909524442676215239e-01,9.285235662983963578e-02,9.691074794902788947e-02
-1.341955609380332537e-01,6.736825911888421059e-01,7.267346955758069438e-01
2.191945336723094117e-03,-7.331645150970812486e-01,6.800477844814670769e-01
9.910237581310152866e-01,9.184044057024137730e-02,9.714548005676207354e-02
-1.336686088109796944e-01,6.690567698585232481e-01,7.310921567935630971e-01
2.147984684428509445e-03,-7.375149979373358811e-01,6.753273383917820505e-01
9.911125499063765387e-01,9.058075887197483689e-02,9.742196641397625478e-02
-1.330094095233227414e-01,6.632277650656314139e-01,7.365035156904126135e-01
2.100094310268542461e-03,-7.429159156784697071e-01,6.693814546546190680e-01
9.911900498500757495e-01,8.948200108566345401e-02,9.764863828859121631e-02
-1.324311940085693418e-01,6.580768100531204645e-01,7.412131211222433569e-01
2.064928918175266883e-03,-7.476147962367679645e-01,6.641293944077591993e-01
9.912157890332126131e-01,8.911844677244057378e-02,9.771981383445113578e-02
-1.322385399926768179e-01,6.563527989888860992e-01,7.427745093903216356e-01
2.056237252304163061e-03,-7.491721469091221497e-01,6.623721508215062448e-01
9.912586421277923554e-01,8.851641544559786523e-02,9.783224725689554369e-02
-1.319170675244797641e-01,6.534676216973928087e-01,7.453710181438721882e-01
2.047364763046696443e-03,-7.517612064943786088e-01,6.594322533115745122e-01
9.913298171648372570e-01,8.752049744549436627e-02,9.800691876867934083e-02
-1.313812307715958028e-01,6.486357119165658824e-01,7.496737193121663090e-01
2.041029307932805317e-03,-7.560501807111902339e-01,6.545104723729419094e-01
9.914110614440003744e-01,8.638712325719363760e-02,9.819048926212038675e-02
-1.307667191305718624e-01,6.430599607253845162e-01,7.545687192559628054e-01
2.042648788072329389e-03,-7.609278230208444960e-01,6.488333189183397298e-01
