9.811598775641561243e-01,1.907851282261367465e-01,3.043566174780192035e-02
-1.912905775120598562e-01,9.814243136772536902e-01,1.463664846316304474e-02
-2.707784358830409022e-02,-2.018294752676538795e-02,9.994295568051503320e-01
9.814141769255209091e-01,1.890208889571578788e-01,3.312577346188537442e-02
-1.901655589057316686e-01,9.811031823891250836e-01,3.568761286499383401e-02
-2.575409745405693451e-02,-4.132371043089864276e-02,9.988138352168286493e-01
9.815467355037991171e-01,1.880842219931808668e-01,3.450118054581917393e-02
-1.895713838150134833e-01,9.807607738441941336e-01,4.659393659050773545e-02
-2.507382021743046613e-02,-5.227456289400646966e-02,9.983179221139660831e-01
9.816416136039914919e-01,1.874070509799193596e-01,3.547308393646067537e-02
-1.891429967249506350e-01,9.804431806768241220e-01,5.436999406134290086e-02
-2.459002299424640700e-02,-6.008133410083406345e-02,9.978905571563548849e-01
9.817261402905187451e-01,1.867992097040627741e-01,3.632961222229767750e-02
-1.887592207969865377e-01,9.801098117820425948e-01,6.127571633792077560e-02
-2.416075401133338865e-02,-6.701352178890153388e-02,9.974594958508828935e-01
9.818114291531073734e-01,1.861816323164760534e-01,3.718490785674972987e-02
-1.883699633946455121e-01,9.797256841696281304e-01,6.822272839130395783e-02
-2.372919035775395910e-02,-7.398637419440035057e-02,9.969769014167977339e-01
9.819055194621438831e-01,1.854953895190500079e-01,3.811838555044819860e-02
-1.879381576339501647e-01,9.792466916794168030e-01,7.586280867637899827e-02
-2.325510169698688859e-02,-8.165400971357052173e-02,9.963893932308645063e-01
9.819870178548368855e-01,1.848968521649409780e-01,3.891851518356363032e-02
-1.875621186846697652e-01,9.787853299882024460e-01,8.246047195316524858e-02
-2.284619003439235588e-02,-8.827475210808453931e-02,9.958341326453579168e-01
9.820574545103137876e-01,1.843765472293661112e-01,3.960359671230369305e-02
-1.872356250260116262e-01,9.783521022230426967e-01,8.814751725032052287e-02
-2.249392722157851632e-02,-9.398113059596416297e-02,9.953198331846011548e-01
9.821564218837057769e-01,1.836407439903037786e-01,4.055662830367133542e-02
-1.867745006793261331e-01,9.776896914976944686e-01,9.611531114182807201e-02
-2.200111016739743353e-02,-1.019752140799587703e-01,9.945436173771246002e-01
9.822548055762357899e-01,1.829037060613859789e-01,4.149374930654757543e-02
-1.863132807584862161e-01,9.769693419029681358e-01,1.040108955625771853e-01
-2.151414268386289685e-02,-1.098960385629120934e-01,9.937102205240199160e-01
9.823420575004878641e-01,1.822454478634228381e-01,4.231641287869667561e-02
-1.859018936439955638e-01,9.762792527048417268e-01,1.109923721658791357e-01
-2.108478136746227971e-02,-1.168991765266733929e-01,9.929199436629136954e-01
9.824509049723234577e-01,1.814181650500767129e-01,4.333207483063569732e-02
-1.853855563625223246e-01,9.753512368445251823e-01,1.196752283461875732e-01
-2.055273245245346075e-02,-1.256081771923186208e-01,9.918670127658455460e-01
9.825837303001192513e-01,1.803993256670845258e-01,4.455666334713258986e-02
-1.847506990106794755e-01,9.741184012976470408e-01,1.302325591794712689e-01
-1.990959981083392089e-02,-1.361962685040851162e-01,9.904817940190683290e-01
9.827275565691878656e-01,1.792844556698031111e-01,4.586538471523080029e-02
-1.840572909477414809e-01,9.726598179955719958e-01,1.416184737532632520e-01
-1.922142576959123828e-02,-1.476142351355923532e-01,9.888582175314303280e-01
9.828746883375815147e-01,1.781313641758633382e-01,4.718648241356814682e-02
-1.833414982292733419e-01,9.710355759270384857e-01,1.532181624802688436e-01
-1.852679282710097131e-02,-1.592454940773588845e-01,9.870651602436036898e-01
9.830228379484029499e-01,1.769573421999703355e-01,4.849947539805907898e-02
-1.826141486839483741e-01,9.692659156593100844e-01,1.648504092946136423e-01
-1.783739814112791228e-02,-1.709084075932217894e-01,9.851254455372768781e-01
9.831705747646639626e-01,1.757735408310757419e-01,4.979240164118541728e-02
-1.818822142534634034e-01,9.673678534307212917e-01,1.764037876305524499e-01
-1.716045032473132240e-02,-1.824913655389353018e-01,9.830576892798503774e-01
9.833140432360586436e-01,1.746113318262527414e-01,5.103307920606956621e-02
-1.811650983194671716e-01,9.653978058252007388e-01,1.875800726684679620e-01
-1.651361637710311095e-02,-1.936955324981057547e-01,9.809226988751736931e-01
9.834441959868802652e-01,1.735460780713023177e-01,5.214664098937778908e-02
-1.805091338344094742e-01,9.635028998052206362e-01,1.976831168131442940e-01
-1.593631018429913712e-02,-2.038232588718997540e-01,9.788779868629614578e-01
9.835737466007168361e-01,1.724752615065601180e-01,5.324442850475097355e-02
-1.798510869743009943e-01,9.615152938110047565e-01,2.077063462811593042e-01
-1.537112592589677876e-02,-2.138705775464614933e-01,9.767410632056896524e-01
9.837076022769372097e-01,1.713576902524697188e-01,5.436814521986263471e-02
-1.791658108748623579e-01,9.593555548086687423e-01,2.180287404795585027e-01
-1.479748074386278908e-02,-2.242174423487363066e-01,9.744267920756030099e-01
9.838370447542157393e-01,1.702659624344188827e-01,5.544521085118785109e-02
-1.784979451365396874e-01,9.571646513551808066e-01,2.279787573040840121e-01
-1.425317338649691699e-02,-2.341908030574362254e-01,9.720861663536994879e-01
9.839538896558306380e-01,1.692709404900181180e-01,5.641003224198253008e-02
-1.778906894228865776e-01,9.551005780319486993e-01,2.369341437264069483e-01
-1.377118905815538294e-02,-2.431670918378109891e-01,9.698866530700790412e-01
9.840538221749979275e-01,1.684124846759503524e-01,5.723032473076525989e-02
-1.773680048387209218e-01,9.532701650791326475e-01,2.445742898038829605e-01
-1.336659726972110225e-02,-2.508250932010570033e-01,9.679401359083991130e-01
9.841472965202763268e-01,1.676030402988873957e-01,5.799413448885901157e-02
-1.768763069188754311e-01,9.515036193881160065e-01,2.517054515607722864e-01
-1.299502992787962899e-02,-2.579730280043339707e-01,9.660647214464991306e-01
9.842381926648285928e-01,1.668097490241171876e-01,5.873404235243654542e-02
-1.763955779611939001e-01,9.497352701665722208e-01,2.586262103509733290e-01
-1.264041834172098186e-02,-2.649102191983853105e-01,9.641902279074465731e-01
9.843381488077476149e-01,1.659302640755931646e-01,5.954457377602628831e-02
-1.758639976921968773e-01,9.477331105441298975e-01,2.662213468093213575e-01
-1.225818574202782070e-02,-2.725235744765519552e-01,9.620710151752609463e-01
9.844500004844863872e-01,1.649372676268734128e-01,6.044745068608180921e-02
-1.752655536101856149e-01,9.454212324882182994e-01,2.747010718596138434e-01
-1.183985912161107830e-02,-2.810238262341301363e-01,9.596277543026356938e-01
9.845680404437532340e-01,1.638791572335323854e-01,6.139540342468642609e-02
-1.746299176856032087e-01,9.428995982863618286e-01,2.836278184574331784e-01
-1.140901336890100259e-02,-2.899723596803174264e-01,9.569670135580755632e-01
9.846870155169642480e-01,1.628019522512003936e-01,6.234585644553950617e-02
-1.739850346713475715e-01,9.402728358076871684e-01,2.926024640270548649e-01
-1.098586286373493502e-02,-2.989690930310158756e-01,9.541995557701268282e-01
9.848044625197688307e-01,1.617278419411714852e-01,6.327934688797204332e-02
-1.733443097834800606e-01,9.375958018341710165e-01,3.014396500968228310e-01
-1.057926589927270233e-02,-3.078282273056023310e-01,9.513831308201529113e-01
9.849146713252695529e-01,1.607099892234372107e-01,6.415130218742901014e-02
-1.727393575174887008e-01,9.350076357148846551e-01,3.097125046247399260e-01
-1.020806410567219082e-02,-3.161218444215732060e-01,9.486636785018398577e-01
9.850159380613273674e-01,1.597659758883517855e-01,6.494947816458822298e-02
-1.721803204831032219e-01,9.325642604870377772e-01,3.172977108363572718e-01
-9.876183654659781430e-03,-3.237263242497769866e-01,9.460992167768585981e-01
9.851003200329607745e-01,1.589726816189709624e-01,6.561284912295170524e-02
-1.717121657385347333e-01,9.304803480132057825e-01,3.236066348204011955e-01
-9.606852158975045727e-03,-3.300515239495436237e-01,9.439140320662455785e-01
9.851786457794854401e-01,1.582306349379052346e-01,6.622765334363957257e-02
-1.712757056001408540e-01,9.285067898576171430e-01,3.294537507154282618e-01
-9.363149647541294321e-03,-3.359139880334685579e-01,9.418461254755330359e-01
9.852889520724286143e-01,1.571765711666855136e-01,6.709103070017374826e-02
-1.706579932232251962e-01,9.256633985039521839e-01,3.376730993430710481e-01
-9.029411557103182370e-03,-3.441551948573492448e-01,9.388693581007764299e-01
9.854222186587575649e-01,1.558896573207372571e-01,6.812830332646256648e-02
-1.699070808077139394e-01,9.221283867175564808e-01,3.475785124281356442e-01
-8.639147241785107359e-03,-3.540870700136217741e-01,9.351725573309169759e-01
9.855553050329387554e-01,1.545899507927989691e-01,6.915697965747388820e-02
-1.691521997051727844e-01,9.184889584112810867e-01,3.574430956278459859e-01
-8.262811648155132110e-03,-3.639779943774439919e-01,9.313708958053323883e-01
9.856754147183648396e-01,1.534043368489055592e-01,7.007914280110313920e-02
-1.684666655969064564e-01,9.151102997712019516e-01,3.663224287915950450e-01
-7.934696114798717170e-03,-3.728810114353833249e-01,9.278452413570653645e-01
9.857918633163083033e-01,1.522432405741089845e-01,7.096758357765095560e-02
-1.677981812667366790e-01,9.117489773387381646e-01,3.749100861349373703e-01
-7.627095314050921955e-03,-3.814915438402619041e-01,9.243408621259810998e-01
9.859060937584487316e-01,1.510930863787189604e-01,7.183351264207352149e-02
-1.671387695001410878e-01,9.083693942963222412e-01,3.833140686643342621e-01
-7.335258682005556946e-03,-3.899178410313816623e-01,9.208204337577297061e-01
9.860189709203257546e-01,1.499456724410335728e-01,7.268345273455224798e-02
-1.664836261277918561e-01,9.049494460125426798e-01,3.915989049948567224e-01
-7.056289149810625154e-03,-3.982245540872941802e-01,9.172608207623554888e-01
9.861415937155184608e-01,1.486870374242534876e-01,7.359974216128634117e-02
-1.657679535981557428e-01,9.011432804984844669e-01,4.005768010912528765e-01
-6.763335279944207232e-03,-4.072259236770255919e-01,9.133024167171915897e-01
9.862795409594095064e-01,1.472562689756492516e-01,7.462076341253280620e-02
-1.649579448936736581e-01,8.967477943685343567e-01,4.106485963835519448e-01
-6.445424840776311365e-03,-4.173235969157307323e-01,9.087350944890878468e-01
9.864193515127264167e-01,1.457904099768635997e-01,7.564403029985135307e-02
-1.641317315581179714e-01,8.921695614037343791e-01,4.208256745976076685e-01
-6.134953707071716562e-03,-4.275261747116356759e-01,9.039821526333287061e-01
9.865537994464019800e-01,1.443659905909450147e-01,7.661632697143115622e-02
-1.633322215460418780e-01,8.876491389260274811e-01,4.305828509924947700e-01
-5.846896848876691893e-03,-4.373070625140612622e-01,8.992932485417060029e-01
9.866848533801054755e-01,1.429637900714420817e-01,7.755227165423977942e-02
-1.625481932011026143e-01,8.831310583072103926e-01,4.400654709703269996e-01
-5.575392130658431318e-03,-4.468119163380526171e-01,8.946105445505542209e-01
9.868074184104554947e-01,1.416404023289222214e-01,7.841629548921412451e-02
-1.618107522777577634e-01,8.788052577211525884e-01,4.489082305427739561e-01
-5.329110384105467668e-03,-4.556745718490761154e-01,8.901304877111052560e-01
9.869119536076055299e-01,1.405027814242182926e-01,7.914394631648893896e-02
-1.611785883333373692e-01,8.750387936710124492e-01,4.564302490345287788e-01
-5.124303795654120905e-03,-4.632127783027049084e-01,8.862322853111568310e-01
9.869902295554503491e-01,1.396458037593062140e-01,7.968272243449876779e-02
-1.607032974595851427e-01,8.721719045884521737e-01,4.620504507434562980e-01
-4.973625217079223268e-03,-4.688445566912748386e-01,8.832666894620779807e-01
9.870431540830107986e-01,1.390640882143207580e-01,8.004368399231495679e-02
-1.603810119596878470e-01,8.702109141214989796e-01,4.658442829386980621e-01
-4.872676959889091219e-03,-4.726458973830307553e-01,8.812389645870013499e-01
9.871017295224613353e-01,1.384182839086611494e-01,8.043975542994753758e-02
-1.600234470621876848e-01,8.680192827951124235e-01,4.700372549982060333e-01
-4.761508606535630114e-03,-4.768468342934692461e-01,8.789735062333916549e-01
9.871786378113610594e-01,1.375672402993106946e-01,8.095425526444914588e-02
-1.595525805052047108e-01,8.651077271949424441e-01,4.755329582708059388e-01
-4.616395037911788859e-03,-4.823524383105106117e-01,8.759650758751141852e-01
9.872581115713296995e-01,1.366842228541074455e-01,8.147910382094464277e-02
-1.590643417659100278e-01,8.620584294317937823e-01,4.812003734664164201e-01
-4.467249187036585398e-03,-4.880293920128365714e-01,8.728157630430469771e-01
9.873383920289348081e-01,1.357888282411258418e-01,8.200179114324747387e-02
-1.585694279750737568e-01,8.589362251051290142e-01,4.869130289013230972e-01
-4.316959286597863051e-03,-4.937509041278948518e-01,8.695926681702971228e-01
9.874096830726073470e-01,1.349911918531905841e-01,8.245905587978719087e-02
-1.581284877673120315e-01,8.561282991056217151e-01,4.919753213597106156e-01
-4.183196263519090366e-03,-4.988203219523342224e-01,8.666953255190200656e-01
9.874718918928615530e-01,1.342936743046347636e-01,8.285210777866242049e-02
-1.577426199396681772e-01,8.536510110287732767e-01,4.963841428008912149e-01
-4.065535167836658963e-03,-5.032346971457488660e-01,8.641402149029705493e-01
9.875126023152233090e-01,1.338368563759722574e-01,8.310569260937200609e-02
-1.574895587165225652e-01,8.520162738329226659e-01,4.992647674522916468e-01
-3.987375576250357795e-03,-5.061185286070044587e-01,8.624547152383245097e-01
9.875480392412480102e-01,1.334393624486538421e-01,8.332350652805343982e-02
-1.572689410988762637e-01,8.505846717986769168e-01,5.017690666699471391e-01
-3.917953100389674065e-03,-5.086252575821352817e-01,8.609790920766499100e-01
9.875889962896390317e-01,1.329802304651049871e-01,8.357172197061923935e-02
-1.570135658585380400e-01,8.489201052238961598e-01,5.046596824426247130e-01
-3.835954131377322576e-03,-5.115182433229100711e-01,8.592638548221761541e-01
9.876515302809797392e-01,1.322792464611511898e-01,8.394436067638458288e-02
-1.566228085991436259e-01,8.463578736910497557e-01,5.090654628510322688e-01
-3.708174785091252271e-03,-5.159268849332167006e-01,8.566245962164431571e-01
9.877715289059929571e-01,1.309314367979000360e-01,8.464257522548734869e-02
-1.558699434238962067e-01,8.413701255649602695e-01,5.174948043641469653e-01
-3.459395874766684528e-03,-5.243598675193344993e-01,8.514897309512247103e-01
9.878935864776934306e-01,1.295564847761813687e-01,8.533099699826056372e-02
-1.550999836244709162e-01,8.362006589478849783e-01,5.260346500515539203e-01
-3.202635787479468036e-03,-5.329010932880610119e-01,8.461714766502654861e-01
9.880071976634939857e-01,1.282744852921343104e-01,8.595018201375731470e-02
-1.543794880476171694e-01,8.313019334152264017e-01,5.339513734136340783e-01
-2.958214889766430482e-03,-5.408167452318644042e-01,8.411352430147931436e-01
9.881178233486833662e-01,1.270257492411467903e-01,8.653107078044221245e-02
-1.536743546187639142e-01,8.264516012388212207e-01,5.416289722146818697e-01
-2.712915997125027717e-03,-5.484908475440133380e-01,8.361521573537358254e-01
9.882389371587544380e-01,1.256593451666473960e-01,8.714087476978799041e-02
-1.528982516984548345e-01,8.210507352202250919e-01,5.499980134708793988e-01
-2.434689081760995407e-03,-5.568531396756651874e-01,8.306074001130020479e-01
9.883681620608691931e-01,1.242032649139878375e-01,8.776061308548251116e-02
-1.520653058645021205e-01,8.151837888790317566e-01,5.588841857676626335e-01
-2.125788508231258277e-03,-5.657286799637726293e-01,8.245887106246996279e-01
9.884742935015435883e-01,1.230110521266334772e-01,8.824314217736689558e-02
-1.513773847211694612e-01,8.102850641010705957e-01,5.661475093027584782e-01
-1.859699337462287745e-03,-5.729802753580932606e-01,8.195670476348879685e-01
9.885986066403924521e-01,1.216208723929011887e-01,8.877588832039236266e-02
-1.505670953253842315e-01,8.044556010674577262e-01,5.746135533699843201e-01
-1.531258949435901394e-03,-5.814288858575860086e-01,8.135957878064862259e-01
9.887793230898915819e-01,1.196085350763266969e-01,8.949440522624518835e-02
-1.493800226671872788e-01,7.958048538704250996e-01,5.868391972118314204e-01
-1.029105369416704469e-03,-5.936231404630155639e-01,8.047425104025394127e-01
9.889086867729806052e-01,1.181771885219415480e-01,8.996533409038698359e-02
-1.485233622882163596e-01,7.894839562025470769e-01,5.955299268327181039e-01
-6.481354449929570749e-04,-6.022866717866418584e-01,7.982796157416451877e-01
9.890445596371075787e-01,1.166527197750209521e-01,9.045994705578314088e-02
-1.476170130083533649e-01,7.827271904504968791e-01,6.046051296507228834e-01
-2.766274435861515273e-04,-6.113348413910064671e-01,7.913719954475911811e-01
9.891745900812800585e-01,1.151739755715140562e-01,9.093176391441441797e-02
-1.467434071525972050e-01,7.761465979407262683e-01,6.132396195308061904e-01
5.286575240549564435e-05,-6.199446861261843633e-01,7.846455144516720770e-01
9.892591889103704572e-01,1.142004707913527733e-01,9.123875068977849168e-02
-1.461717944758475773e-01,7.718044758651586568e-01,6.188308795900722137e-01
2.523016346989022905e-04,-6.255206659300275307e-01,7.802075575373192962e-01
9.893243478913577027e-01,1.134431953011385830e-01,9.147664242422215430e-02
-1.457298112457273698e-01,7.684271217764844231e-01,6.231232467438500011e-01
3.959591292226738836e-04,-6.298018735746818697e-01,7.767557165919007911e-01
9.893903110155244374e-01,1.126694818950635252e-01,9.171913823244534636e-02
-1.452808640126876660e-01,7.649785305535691249e-01,6.274562282293749682e-01
5.319965577410344214e-04,-6.341241484454001043e-01,7.732310659421718357e-01
9.894731795125226714e-01,1.116882638107950382e-01,9.202477249256962866e-02
-1.447147170009687178e-01,7.606034691920721125e-01,6.328823060698715031e-01
6.911647520590047779e-04,-6.395374065525160079e-01,7.687596684994439933e-01
9.895767558765176108e-01,1.104493455399087609e-01,9.240555339757496045e-02
-1.440037444333726047e-01,7.550674583013050611e-01,6.396374402765830913e-01
8.751103245413055206e-04,-6.462770887817514964e-01,7.631023251816959618e-01
9.896437723480341342e-01,1.096402394682900183e-01,9.265107523438026460e-02
-1.435417467654374613e-01,7.514450230266539466e-01,6.439923480166539482e-01
9.852858893519753341e-04,-6.506223138333102618e-01,7.594008387893127487e-01
9.896901343024712139e-01,1.090763066696850137e-01,9.282131968279280776e-02
-1.432212350214616958e-01,7.489202495477702559e-01,6.469977879840373980e-01
1.056363236567035109e-03,-6.536213117246171267e-01,7.568210257095854265e-01
9.897259398988254020e-01,1.086379815454900505e-01,9.295349835862068422e-02
-1.429732031937907544e-01,7.469597828722966959e-01,6.493148280609976064e-01
1.107727356930911016e-03,-6.559335879013176163e-01,7.548177933799735673e-01
9.897657636405831072e-01,1.081474931913232740e-01,9.310130418744584635e-02
-1.426968287378145850e-01,7.447684000719677622e-01,6.518877551560670058e-01
1.161117197953085703e-03,-6.585014426488950967e-01,7.525785685469534858e-01
9.898244001803921943e-01,1.074204974925124512e-01,9.331930950229398725e-02
-1.422889101892936548e-01,7.415206030216916488e-01,6.556684080627143141e-01
1.234035928514579539e-03,-6.622748915766094591e-01,7.492599316275508903e-01
9.898778458138096648e-01,1.067533235506186451e-01,9.351779658388771621e-02
-1.419160753066539271e-01,7.385380792857980659e-01,6.591064656141709666e-01
1.295351909913054333e-03,-6.657065670066226737e-01,7.462124956791404973e-01
9.899316006104984522e-01,1.060779183290888744e-01,9.371713480308961619e-02
-1.415400926798397185e-01,7.355166826349820441e-01,6.625568743359451229e-01
1.352137907764132960e-03,-6.691507190525912696e-01,7.431254853081562528e-01
9.900334801176002841e-01,1.047877496630552907e-01,9.409163494584475707e-02
-1.408247393637275247e-01,7.297298714297769662e-01,6.690760102755317629e-01
1.449492798662858429e-03,-6.756580808838413832e-01,7.372137116922031774e-01
9.902084352169138182e-01,1.025467182824770368e-01,9.471760868371147113e-02
-1.395876554591771734e-01,7.196038856214184154e-01,6.802099192469708289e-01
1.594135716401548974e-03,-6.867710086834271088e-01,7.268720935372804393e-01
9.903701541433700406e-01,1.004485016830583416e-01,9.527358653719827930e-02
-1.384342704703888371e-01,7.100275149432347943e-01,6.904323868293473776e-01
1.706030881733612212e-03,-6.969727588171317212e-01,7.170955744707042667e-01
9.905343478495372000e-01,9.829241005231761918e-02,9.581392308215770648e-02
-1.372532952181290400e-01,7.000866415532458475e-01,7.007426255555357919e-01
1.799633867617908426e-03,-7.072604162858291410e-01,7.069508221037303919e-01
9.907070086034408529e-01,9.599789147630562181e-02,9.635366073024785594e-02
-1.360003529493740426e-01,6.893903917458867880e-01,7.115088135547598114e-01
1.878057951093641811e-03,-7.180009001390990075e-01,6.960396398896960823e-01
9.908890185448114840e-01,9.354967934486409231e-02,9.688864960235325785e-02
-1.346669534852463768e-01,6.778385530219329658e-01,7.227722377596818015e-01
1.940249031084888580e-03,-7.292347725743784093e-01,6.842608288526340621e-01
9.910107088667565733e-01,9.189659257159635275e-02,9.722546572340341753e-02
-1.337680421697374777e-01,6.699530163419674667e-01,7.302527417191789771e-01
1.971244653417116022e-03,-7.366939474218784367e-01,6.762234409028486937e-01
9.910679737415541979e-01,9.111461341340942877e-02,9.737760854698115920e-02
-1.333429301666338718e-01,6.661964445373674826e-01,7.337587888811619719e-01
1.983531796053501946e-03,-7.401894517677858332e-01,6.723954499350217606e-01
9.911552888201300426e-01,8.991764905294581667e-02,9.760127987209037126e-02
-1.326921007030115729e-01,6.604114202819374446e-01,7.390869788950549246e-01
1.999963726230928694e-03,-7.455008868874574146e-01,6.665016337527686074e-01
9.912299378770091929e-01,8.888991093890326323e-02,9.778442610972702675e-02
-1.321331250416777070e-01,6.554102795291396610e-01,7.436250417745886576e-01
2.011845685114349754e-03,-7.500239657643008595e-01,6.614075923786570943e-01
9.912266167376849735e-01,8.893567984625105893e-02,9.777647529463170950e-02
-1.321580452827935404e-01,6.556338798714885785e-01,7.434234773207615277e-01
2.011302511613420867e-03,-7.498230860776053941e-01,6.616353181679954787e-01
9.912510584794853585e-01,8.859911090058346372e-02,9.783423026180702864e-02
-1.319745259961589423e-01,6.539858425904980788e-01,7.449061968995080996e-01
2.015825237676390890e-03,-7.513006823095682574e-01,6.599569843632160371e-01
9.913215577249169241e-01,8.762662599318835066e-02,9.799563054998081113e-02
-1.314437288158883388e-01,6.492011980424178264e-01,7.491731112468386078e-01
2.028631267416126926e-03,-7.555523667339939520e-01,6.550851133843929031e-01
9.914110614441435931e-01,8.638712325719298535e-02,9.819048926213476414e-02
-1.307667191303874821e-01,6.430599607253798533e-01,7.545687192560733836e-01
2.042648787888432221e-03,-7.609278230208303961e-01,6.488333189184346539e-01
